tick 10418 NodeLimit: start 3391,607 goal 3328,629 expansions 80000 npc 3391,607 orb 54258.3,9713.1 player 3396,612 window x 3248..3476 y 527..709
markers S 3391,607 G 3328,629 N 3391,607 P 3396,612
trail 3485,368 3486,368 3487,374 3488,374 3487,374 3486,380 3487,386 3488,386 3487,386 3487,392 3487,386 3486,392 3485,398 3484,404 3484,410 3484,422 3485,434 3485,440 3485,446 3485,452 3485,462 3483,473 3482,473 3483,473 3483,474 3484,474 3485,476 3485,477 3486,477 3486,478 3487,478 3496,478 3497,478 3498,478 3499,478 3500,478 3501,478 3500,478 3501,478 3501,477 3501,478 3500,478 3499,478 3498,478 3497,478 3496,478 3497,478 3498,478 3499,478 3500,478 3501,478 3501,477 3502,477 3502,476 3503,476 3504,476 3505,476 3505,477 3506,477 3511,487 3512,487 3513,487 3514,487 3515,487 3519,484 3518,484 3518,485 3517,485 3515,487 3514,487 3513,487 3512,487 3509,503 3508,503 3508,504 3507,504 3500,503 3499,503 3499,504 3498,504 3498,505 3497,505 3496,508 3495,510 3492,516 3491,516 3491,517 3490,517 3489,517 3488,517 3487,517 3487,518 3486,518 3485,518 3484,518 3483,518 3482,518 3481,518 3480,518 3479,518 3478,518 3478,519 3477,519 3476,519 3475,519 3475,520 3474,520 3474,521 3473,521 3471,528 3475,526 3476,526 3479,532 3479,533 3478,533 3478,534 3477,534 3477,535 3476,535 3476,536 3475,536 3475,537 3474,537 3474,538 3473,538 3473,539 3472,539 3472,540 3471,540 3471,541 3470,541 3467,545 3466,545 3466,544 3465,544 3465,543 3464,543 3463,543 3462,543 3461,543 3460,543 3459,543 3458,543 3457,543 3456,543 3455,543 3454,543 3453,543 3452,543 3451,543 3450,543 3449,543 3449,544 3448,544 3448,545 3447,545 3447,546 3446,546 3445,546 3444,546 3443,546 3442,546 3442,547 3442,548 3441,548 3440,548 3440,549 3439,549 3434,558 3433,558 3432,558 3432,557 3431,557 3431,556 3430,556 3429,556 3417,562 3416,562 3416,561 3416,560 3415,560 3415,559 3414,559 3413,559 3412,559 3412,558 3411,558 3411,557 3410,557 3409,557 3409,558 3408,558 3406,569 3407,569 3409,572 3410,572 3410,573 3411,573 3412,573 3412,574 3413,574 3414,574 3415,574 3418,585 3417,585 3417,586 3416,586 3415,586 3415,587 3414,587 3413,587 3413,588 3412,588 3411,588 3411,589 3410,589 3409,589 3409,590 3408,590 3407,590 3407,591 3406,591 3405,591 3405,592 3404,592 3403,592 3404,592 3403,592 3402,594 3401,594 3402,594 3401,608 3400,608 3400,609 3399,609 3398,609 3398,610 3398,611 3397,611 3396,611
~~~~~~~~~_#######\._##########<oooooooooooo#########################################ooooooooo>#ooooooooo#########################################ooooooooooooooo.####################################################oooooooo)oooo##o
~~~~~~~~/##############.######ooooooooooooo>#######################ooo#############<oooooooooooooooooooo##########################################oooooooooooooo####################################################.ooooooo)ooooo##\
~~~~~~~/###############\.oo###oooooooooooooo####################<oooooo#######<ooooooooooooooooooooooooooo#########################################\oooooooooooo.##############################################################.####o
~~~~~~/#################\ooooooooooooooooooo##################<ooooooooo#####<oooooooooooooooooooooooooooo###########<oo>###########################\ooooooooooo_########################################################.>########oo
_~~~~~####ooooooooo#######ooooo_ooooooooooo###################ooooooooooo####ooooooooooooo_#~~~~~~~~~~~~~_##########ooooo############################ooooooooooo########################################################.....#####ooo
########.#oooooooooooo#####_./###ooooooooo/#################<ooooooooooooo#oooooooooooooo###~~~~~~~~~~~~~##########oooooo#############################oooooooooo#################################################################oooo
##oo##ooooooooooooooooo########oooooooooo/#################..ooooooooooooooooooooooooooo/##~~~~~~~~~~~~~~#########ooooooooo###########################\ooooooo_#################################################################<oooo
##oo##ooooooooooooooooo########oooooooo_####################_oooooooooooooooooooooooooo/###\~~~~~~~~~~~~/#######<oooooooooo>###########################./#_./###################################################<ooooo>########<ooooo
#####.oooooooooooooooooo#####oooooooo/########################oooooooooooooooooooooooo######~~~~~~~~~~~~#######<oooooooooooo>##################################################################################..ooooooo#######oooooo
######ooooooooooooooooooo####ooooooo###########################\~~_#####~~~~~~~~~~~~~#######~~~~~~~~~~~~#######.ooooooooooooo####################################################################################oooooooo>###<oooooo/
#####oooooooooooooooooooo###ooooooooo####################################_~~~~~~~~~~~~######~~~~~~~~~~~/########ooooooooooooo>###########################################################ooooo############oooooooooooooooo>#<oooooo/#
#####oooooooooooooooooooo###ooooooooo#####################################\~~~~~~~~~~~######~~~~~~~~~~~######.#oooooooooooooooo##########################################################ooooooo>#########oooooooooooooooooooooooo/##
####ooooooooooooooooooooo#<oooooooooo######################################~~~~~~~~~~~#######_~~~~~~~~~#####ooooooooooooooooooo#################..#######################################oooooooo########oooooooooooooooooooooooo/###
####ooooooooooooooooooooo.oooooooooo/############.##########################~~~~~~~~/###########\~~~~~~###<oooooooooooooooooooo##########################################################oooooooo>#######ooooooooooooooooooooooo/####
####oooooooooooooooooooo#\oooooooooo############./###########################\~_##############<~##########ooooooooooooooooooooo##########################################################oooooooooo#####ooooooooooooooooooooooo/#####
####oooooooooooooooooooo##ooooooooo############./#############################################~~##########ooooooooooooooooooooo##########################################################\ooooooooo####oooooooooooooooooooooooo######
####oooooooooooooooooooo.#oooooooo/###########<.#######################################################<ooooooooooooooooooooooo###########################################################ooooooooo###ooooooooooooooooooooooooo######
#####ooooooooooooooooooo###ooooooo###########<./######################################################<oooooooooooooooooooooooo############################################################ooooooooooooooo###############oooo/#######
############################\oooo/#####<ooooooo#######################################################ooooooooooooooo/#~~~~~~~~########################<.###############################ooooooooooooooooo#################\./########
######################################oooooooooo######################################################ooooooooooooooo##~~~~~~~~########################ooo###########################.##oooooooooooooooo#############################
######################################oooooooooo###################.##################################ooooooooooooooo###~~~~~~~#######################oooo######################.###..##ooooooooooo##################################
####################################oooooooooooooooo##############oo#################################<ooooooooooooooo####~~~~~~#######################ooooo######################oo#./##oooooooooo/##################################
####################################oooooooooooooooo############oooo###############################<ooooooooooooooooo##<~~~~~~/#######################oooooo####################ooooo###ooooooooo####################################
###################################<oooooooooooooooo############oooo##############################oooooooooooooooooo_##~~~~~~/#########################\ooooo##############oo#ooooooo###oooooooo#####################################
############################.>#####oooooooooooooooooo#oo#######ooooo##############################oooooooooooooooooo##<~~~~_############.################ooooo####<oooooo#oooooooooo/##<oooooooooo###################################
############################oooo###oooooooo_###ooooooooooo####<ooooo##############################ooooooooooooooooo##<~~~~############oooo################ooooooo#oooooooooooooooooo###ooooooooooo>##################################
############################oooo>##ooooooo/#####ooooooooooo###oooooo##############################oooooooooooooooo/#~~~~_############.oooo#################oooooooooooooooooooooooooo>#oooooooooooo##################################
#########################<ooooooo#ooooooo#######\oooooooooo##<oooooo>#############################ooooooooooooooo/###~~##############\ooo################ooooooooooooooooooooooooooooooooooooooooooo#################################
########################<ooooooooooooooooo########ooooooooo##oooooooo#############################\~~~~~~~~~~~~~~###~~~~##############._###############ooooooooooooooooooooooooooooooooooooooooooooo>###########################ooo##
#######################.ooooooooooooooooooo#####<oooooooooo#.oooooooo>#############################\~~~~~~~~~~~~#####\~~##############################oooooooooooooooooooooooooooooooooooooooooooooo.##########################ooooo#
###############.########oooooooooooooooooooo###..oooooooooo###ooooooooo##############################~~~~~~~~~_#######################################oooooooooooooooooooooooooooooooo#\~~~~~~~~~~~~~~~######################<.oooooo
##############ooo######.oooooooooooooooooooo####_oooooooooo##<ooooooooo>############################~~~~~~~~~#########################################oooooooooooo#_~~~~~~~~~~~~~~~~~~##\~~~~~~~~~~~~~~####################<../##\ooo
##############oooo#####\oooooooooooooooooooooo####ooooooooo##oooooooooooo#########################~~~~~~~~~~/#########################################ooooooooooo###\~~~~~~~~~~~~~~~~~####~~~~~~~~~~~~~####################._#####ooo
############ooooooo#####ooooooooooooooooooooooo###\ooooooo##ooooooooooooo#########################\~~~~~~~~~##########################################oooooooooooo#####~~~~~~~~~~~~~~~#####_~~~~~~~~~~~###########################ooo
############ooooooo######oooooooooooooooooooooooo###_ooooo#oooooooooooooo##########################\~~~~~~~/###########################################ooooooooooo######~~~~~~~~~~~~~~#######~~~~~~~~~~#ooo##.>####################_.
#.##########\oooooo######\oooooooooooooooooooooooo>###ooooooooooooooooooo###########################~~~~~/##############################################oooooooooo######\~~~_##_~~~~~~########~~~~~~~/#oooo#<oo>#####################
#oo##########oooooo#######ooooooooooooooooooooooooo####ooooooooooooooooo############################~~~/##########################################.###<oooooooooooo######~/######_~~~~########_~~~~~/##ooooooooo#ooo################<
#ooo##########_._###########oooooooooooooooooooooooo>##\ooooooooooooooo/#########################################################################..##<ooooooooooooo############################~~~_##ooooooooooooooo################o
#\oo#########################_ooooooooooooooooooooooo###oooooooooooooo######################.#####################################################.#ooooooooooooooo#################################oooooooooo#_oooooo##############o
##ooo#############################\oooo#ooooooooooooo>##ooooooooo_._##############################<ooo>############################################oooooooooooooooo################################<ooooooooooo###oooo>#############~
o#ooo###############################_oo###ooooooooooooooooooooo/################################ooooooo#################.#########################ooooooooooooooooo#######<oo#####################<oooooooooooo###\oooo##############
o#ooo#################################\.##\oooooooooooooooo#################################..#.ooooooo.########################################<oooooooooooooooooo######oooo####################<ooooooooooooo#####_oo##############
ooooo#############.>########################ooooooooooooooo##################################.#~~~~~~~~~########################################oooooooooooooooooo#######oooo######.#.####..####<ooooooooooooo/######################
ooooo############<oo>#######################\ooooooooooooooo>##############################~~~~~~~~~~~~~~##############.######################<oooooooooooooo/#oooooo###ooooo###<.._./#..####.>#oooooooooooooo#######################
ooo/#############.oooo#######################oooooooooooooooo##############################~~~~~~~~~~~~~~#####################################oooooooooooooo###oooooooooooooooo../############.ooooooooooooooo#######################
ooo###############\ooo#######################\oooooooooooooooo#############################~~~~~~~~~~~~~~###############..###################oooooooooooooo/####ooooooooooooooo###############_ooooooooooooooo#######################
#\.#################\.#########################ooooooooooooooo>###########################~~~~~~~~~~~~~~~###############\.##################.oooooooooooooo#######_ooooooooooooo###############oooooooooooooo########################
##############################################oooooooooooooooooo##########################~~~___~~/######################.##################~~~~~~~~~~~~~_##########_oooooooooooo##############ooooooooooooo#########################
##############################################oooooooooooooooooo>#########################~~~############################oo###########.#####\~~~~~~~~~_################ooooooooooo##############oooooooooo/##########################
##############################################ooooooooooooooooooo#########################~~~############################oo###########.#######\~~~~~/################<ooooooooooooo##############\oooo_##############################
##############################################\ooooooooooooooooooo##############################################################################\~/#################ooooooooooooooo>#################################################
##################.#################oo>#########ooooooooooooooooooo######################################################################.##########################oooooooooooooooo#################################################
#################.oo>###########ooo.oo...########_oooooooooooooooooo#############################################################################################<oooooooooooooooooo################################################<
#################\oo.##########.ooo_###_..##############\oooooooooooo#################################.>#########################################################oooooooooooooooooo/###############################################<o
###################_..########oo#########\.##############\oooooooooooo>##############################~~~~~######################################################oooooooooooooooooo#################################################.o
####################\..#######ooo#########################ooooooooooooo>#############################~~~~~~###################################################<oooooooooooooooooo/#################################################\o
#####################\.>######ooo#########################\ooooooooooooo>#############################~~~~~~>#################################################oooooooooooooooooo/###################################################o
#######################...####ooo##########################oooooooooooooo>#############################~~~~~~~###############################################oooooooooooooooooo/###################################################<o
##############################ooo###########################oooooooooooooo#############################\~~~~~~###############################################oooooooooooooo/################################################~~####<oo
#######################oo#####ooo############################ooooooooooooo###############################~~~~~~######################################.#####<ooooooooooooo/########################################################ooo
#######################ooo>###ooo>###########################ooooooooooooo###############################~~~~~~~#####################################.#####oooooooooooo/#########################################################<ooo
#######################oooo####ooo####.#######################_ooooooooooo##############################~~~~~~~~###################################ooooo##<oooooooooo_###########################################################oooo
#######################ooooo#ooooooooooo########################\ooooooo################################~~~~~~~~##################################.oooooooooooooooo_###########################################################<ooooo
#######################ooooooooooooooooo#########################\ooooo/################################~~~~~~~~###################################oooooooooooooo_#############################################################oooooo
#######################ooooooooooooooooo###########################\ooo#################################~~~~~~~~#####################################oooooooooo/###############################################################oooooo
###############.#######ooooooooooooooooo##############################################################<~~~~~~~~/###############ooo####.###############oooooooo###############################################################oooooooo
###############.#######ooooooooooooooooo##############################################################~~~~~~~~~################ooo##<ooo###############ooooo###############################################################<ooooooooo
##########~############ooooooooooooooooo###############################################################_~~~~~~~############ooooooo#ooooo###############ooooo##<.######################oo###################################oooooooooo
#######################ooooooooooooooooo#################################################################~~~~~#############oooooooooooooooo############._#oo<ooooo####################oo###################################oooooooooo
########################\ooooooooooooooo##################################################################\~~/#############oooooooooooooooo>##########.###oooooooo#####################oo##################################oooooooooo
##########################_ooooooo_#_ooo##################################################################################oooooooooooooooooo>############oooooooooo##################<ooo##################################~~~~~~~~~~
############################_ooo/#########################################################################################oooooooooooooooooooo#########<ooooooooooo##################oooo##################################~~~~~~~~~~
##########################################################################################################################oooooooooooooooooooo#######<oooooooooooooo################ooooo##################################~~~~~~~~~~
##########################################################################################################################oooooooooooooooooooo#######ooooooooooooooo########ooo#####ooooo##########.#########################\~~~~~~~
##################################################.#######################################################################oooooooooooooooooo/#######ooooooooooooooo/########oooooooooooo/########<..###########################_~~~~~
#################################################oo>######################################################################\ooooooooooooooooo######<ooooooooooooooo##########oooooooooooo#########._##############################_~~~
################################################oooo########################################################################\ooooooooooooooo#####<ooooooooooooooo/##########\oooooooooo/###########################################\~
##############################################<oooooo>########################################################################\ooooooooooooooo##ooooooooooooooo_#############oooooooooo##############################################
############################################oooooooooo##########################################################################_oooooooooooooooooooooooooooooo########<.>###ooooooooo###############################################
############################################oooooooooo###############################################################################\oooooooonnooooooooooooooo######ooooo####oooooooo.##############################################
############################################_oooooooo/#############################<.>#################################################ooooooonNooooooooooo/#######<oooooo##oooooooooo/#####################.########################
#############################################ooooo_################################oooo#################################################_ooooooooooooooooo/#######<oooooo###ooooooooo################################################
###################################################################################ooooo>#################################################oooooooooooooo_#########oooooo#####oooooo_##########################.##<.>#################
#################################################################################<ooooooo##################################################oooooooooooo###########ooooo/######ooo###############################..oo#################
################################################################################<oooooooooo##############################################<oooooooooooo/###########oooo#########.#########~>######################\oo#########oooooo.#
################################################################################ooooooooooo>#############################################oooooooooooP############oooo/##################<~~###########<.####################<oooooo##
#############################################################################.#ooooooooooooo############################################ooooooooooo/#############oooo###################~~~>#<~#######..##################<ooooooo###
#############################################################################.oooooooooooooo############################################oooooooooo)#############oooo/#####################\~~~~###########################ooooooo/###
##############################.###############################################oooooooooooooo############################################ooooooooo)o>###########ooooo#####################################################<ooooooo####
###############################################################################ooooooooooooo############################################\ooooooooooo###########ooo)#################################################<ooooooooooo/####
################################################################################oooooooooooo#############################################\ooooooooooo>######ooooo)ooo>##############################################oooooooooooo#####
#########################################<.>####################################\ooooooooooo##############################################_ooooooooooo######oooo))oooo##############################################ooooooooooooo####
#######################################ooooo#####################################ooooooooooo###############################################ooooooooooo#####ooooo)oooooo#############################################ooooooooooooo>###
####################~>###############.#oooooo####################################ooooooooooo###############################################\oooooooooo#####oooooooooooo#############################################ooooooooooooooo##
####################~~>#############<oooooooo####################################oooooooooo#############################################ooo##ooooooooo####oooooooooooo/#############################################ooooooooooooooo>#
##################<~~~~>############ooooooooooo################################<oooooooooo/############################################<oooooooooooooo>###ooooooooooo/#############################################<ooooooooooooooooo
#################~~~~~~~>##########oooooooooooo>###############################oooooooooo/##########################################ooooooooooooooooooo>##oooooooooo)############.#oo##############################.ooooooooooooooooo
###############<~~~~~~~~~##########ooooooooooooo###############################ooooooooo############################################oooooooooooooooooooo>#oooooooo=)o###########<oooo###<oooo>#####################\ooooooooooooooooo
###############~~~~~~~~~~>#########ooooooooooooo##########################oooooooooooo/############################################oooooooooooooooooooooo#ooooooooooo###########ooooo>#<oooooo######################ooooooooooooooooo
###############_~~~~~~~~~~#########ooooooooooooo##########################ooooooooooo###########################################<oooooooooooooooooooooooo#ooooooooooo####.#####ooooooo#oooooooo#####################~~~~~~~~~~~~~~~~~
################~~~~~~~~~~#########ooooooooooooo###########################_oooooooo############################################ooooooooooooooooooooooooooooooooooooo###..####ooooooooooooooooo#####################~~~~~~~~~~~~~~~~~
################\~~~~~~~~~~>########_oooooooooo/############################ooooooooo#########################################<oooooooooooooooo/#ooooooooooooooo/############ooooooooooooooooooo>###################~~~~~~~~~~~~~~~~~
##################_~~~~~~~~~~~~#######_oooooo_################.#############\oooGooooo#######################################<oooooooooooooooo###oooooooooooooo/###########<ooooooooooooooooooooo###################\~~~~~~~~~~~~~~~~
####################~~~~~~~~~~~#########\oo/##################.>#############\oooooooooo>####################################oooooooooooooooo/###oooooooooooooo############oooooooooooooooooooooo>###################~~~~~~~~~~~~~~~~
####################~~~~~~~~~~~~#############################ooo##############\oooooooooo###################################ooooooooooooooooo#####\oooooooooooo>###########ooooooooooooooooooooooo##########.########~~~~~~~~~~~~~~~~
#########oo##########\~~~~~~~~~~#############################ooo###############\ooooooooooo################################ooooooooooooooooooo#####\oooooooooooo##################oooooooooooooooo#########..########\~~~~~~~~_##\~~~
#########oooo#########\~~~~~~~~~~##########################ooooo################oooooooooooo###############################ooooooooooooooooooo#######\oooooooooo####ooooooooooooo#ooooooooooooooo#####################~~~~~~~~#######
#########ooooo>#########~~~~~~~~~>########################oooooo#############.##ooooooooooooo##########################oo##oooooooooooooooooo/#########\==oooooo###.ooooooooooooo#oooooooooooooo######################~~~~~~~~#######
#########oooooo########~~~~~~~~~~~########################oooooo############ooo#oooooooooooooo########################<ooooooooooooooooooooo############oooooooo####ooooooooo===o#ooooooooooooo######################################
#########oooooo########~~~~~~~~~~~#######################ooooooo############oooooooooooooooooo>#####################<oooooooooooooooooooooo#############oooooooo####~~~~~~~~~~~~~#~~~~~~~~~~~~############################~##########
#########ooooooo>######~~~~~~~~~~~######################oooooo/##############oooooooooooooooooo#####################oooooooooooooo/##ooooo##############~~~~~~~/####~~===~~~~~~~~#/#~~~~~~~~~############################<~>#########
########.oooooooo######~~~~~~~~~~~>####################ooooooo###############ooooooooooooooooooo####################oooooooooooo_#####_oo################_~~~~/#####~~~~~~~~~~~~~####~~~~~~~~~##########################<~~~~~~######
#########oooooooo#######~~~~~~~~~~~###################oooooooo#############<oooooooooooooooooooo>##############<oooooooooooooo/############################~/#########################_~~~~~~~##########################~~~~~~~######
########.oooooooo######~~~~~~~~~~~~##################ooooooooo#############oooooooooooooooooooooo##############.ooooooooooooo/###################################<ooo########~/#########~~~~~~~###ooo#################~~~~~~~~_######
#########\ooooooo########~~~~~~~~~~################<ooooooooo############<ooooooooooooooooooooooo##############\ooooooooooo/#####################################oooo####################_~~~~~~#.ooo#################~~~~~~~~#######
##########\ooooo/#########\~~~~~~~/###############<oooooooooo############.oooooooooooooooooooooooo##############ooooooo/#.#################################ooooooooo#########~#############_~~~~~~~~~~################\~~~~~~########
######oo####\._############_~~~~~/###############<ooooooooooo#############oooooooooooooooooooooooo########################################################ooooooooo##########~#################~~~~~~~~#################_~~/#########
#####<ooo###################~~/##################ooooooooooo#############oooooooooooo##\ooooooooo/######################################################<oooooooooo###########################~~~~~~~~~~#############################
####oooooo#####################################<oooooooooooo#############oooooooooooo.###ooooooo###############<oo>#####################################ooooooooooo###################oo#####~~~~~~~~~~/############################<
ooooooooooo####################################oooooooooooo##############oooooooooooo_###\ooooo/##############<oooo#.##################################.ooooooooooo##################oooo####~~~~~~~~~~#############################o
oooooooooooo>##################################ooooooooooooo#############\ooooooooooo######_./################oooooooo##################################oooooooooo/################<ooooo####~~~~~~~~~#############################oo
ooooooooooooo#################################.oooooooooooooo#############\oooooooooo########################oooooooooo#################################\ooooooo_###############ooooooooo####~~~~~~~_##########################oo#ooo
ooooooooooooo#################################\ooooooooo#\ooo##############\ooooooooo########################ooooooooooo##################################_oo_#################<ooooooooo######################################oo#ooo
oooooooooooo##########oo########################ooooooo_###ooo##############\oooooooo########################oooooooooooo####################################################<ooooooooooo##..##################################oooooo
ooooooooooooooooo####ooo######################<oooooooo#####ooo>#############./####~/########################oooooooooooo####################################################oooooooooooo##\oo#################################oooooo
oooooooooooooooooo###oo#######################.ooooo########\oo.##################~~##########################\ooooooooo/##########################################.########<oooooooooooo###oo################################ooooooo
ooooooooooooooooooo#oooo>####################~~~~~~~>#########_.#...############################################\ooooooo###########################################.#######<oooooooooooooo####################################ooooooo
ooooooooooooooooooooooooo###################~~~~~~~~~#############################################################ooooo####################################################ooooooooooooooo##################################<oooooooo
ooooooooooooooooooooooooo####~#############~~~~~~~~~~~#############################################################\._#####################################################ooooooooooooooo##################################.oooo##oo
ooooooooooo___ooooooooooo##<~~###########~~~~~~~~~~~~~#####################################################################################################################ooooooooooooooo##################################._#oo#<oo
oooooooooo/####oooooooooo>#~~~~#########~~~~~~~~~~~~~##############################################################################<.#######################################_ooooooooooooo#####################################oooooo
oooooooooo######oooooo/#\~~~~~~~######<~~~~~~~~~~~~/###############################################################################oo########################################ooooooooooooo>####################################oooooo
__ooooooooo>####ooooo/###~~~~~~~######._~~~~~~~~~~~##############################################################################..oo.########################.###############ooooooooooooo###################################<oooooo
##\oooooooooo>#oooooo###~~~~~~~~####.######~~~~~~~/#~############################################################################._./########################<.>###############_ooooooooooo###################################ooooooo
####_ooooooooooooooo###<~~~~~~~~#########~~~~~~~~~##~~~~#####################################################################################################ooo######.##########ooooooooo/###################################ooooooo
######ooooooooooooo/###~~~~~~~~~#########~~~~~~~~###~~~~~>##################################################################################################<ooo######oo#########\ooooooo###################################.oooooooo
######\ooooooooooo#####~~~__~/###########~~~~~~/##~~~~~~~~###############################################################.##################################.ooo######oo###########\oooo/####################################oooooooo
#######oooooooooo/#####~/################~~~~/###~~~~~~~~~~>#############################################################.oo>################################_oo######oo#############./#####################################.oooooooo
########oooooooo/#<~~~##################<~~/###~~~~~~~~~~~~~##############################################################ooo###################################################################################...#########\oooooooo
#######ooooooooo##~~~~~##############~##~~/####~~~~~~~~~~~~~##############################################################oooo###################################################################################\.##########oooooooo
#######oooo/#####~~~~~~##############~##~_#####~~~~~~~~~~~~~########################################################oo>###ooooooo##################<.########################################################################~~##~~~~
######ooooo####<~~~~~~~~>##############~~######\~~~~~~~~~~~~~########################################.##########<oo#oooo###ooooooo>################oooo######################################################################\~~~~~~~
######oooo/####~~~~~~~~~~########################~~~~~~~~~~~~#####<~########################################<oo#ooooooooo###oooooooo##############ooooooo#####################################################################~~##~~~
######oooo#####~~~~~~~~~~#########################_~~~~~~~~~/#####./######################################oooooooooooooooo##ooooooooo>##########<oooooooooo###################################################################~~~~_~~
####<oooo/#####~~~~~~~~~############################\~~~~~~~####ooo#####################################<oooooooooooooooooo#oooooooooo#########<oooooooooooooo######################################################################\
####ooooo######~~~~~~~~/#####ooooooooo>#######################ooooo####################################..ooo/###\oooooooooooooooooooooo>######<ooooooooooooooo###########.###########################################################
####oooo/######~~~~~~~~######oooooooooo>######################oooo######################################\./######\oooooooooooooooooooooo>#####.ooooooooooooooo#########oooo############################...###########################
####ooo/#######~~~~~~~#######oooooooooooo>####################oooo############################################.>###oooooooooooooooooooooo######ooooooooooooooo>######<.oooo##########################################################
###<oo/#######<~~~~~~~#~#####ooooooooooooo>###################ooooo###############################.######<oo>#\.#<oooooooooooooooooooooooo######ooooooooooooooo..##<~~~~~~~~~#########################...############################
~~~~~~########~~~~~~~~~/#####oooooooooooooo###################ooooo##############################<.#####<ooo..###.ooo__oooooooooooooooooooo######oooooooooooooo_###~~~~~~~~~~~>######################################################
~~~~~~########~~~~~~~~~######oooooooooooooo##################<ooooo############################<..#####<oooo/#####oo###oooooooooooooooooooo######\oooooooooooo####<~~~~~~~~~~~~>######################.#############################~
#\~~~~########~~~~~~~_#######oooooooooooooo##################oooooo>###########################._##oo##ooo/#####.../####oooooooooooooooooooo#######_oo/#oooooo####~~~~~~~~~~~~~~~####################################################
#############################ooooooooooooooo#################ooooooo##############################ooo#<oo###############oooooooooooooooooooo#############ooooooo_~~~~~~~~~~~~~~~~##########################.#######...###############
##############################_ooooooooooooo#################oooooooo#############################ooo#../#####.#########_ooooooooooooooooooo##############_ooooo#~~~~~~~~~~~~~~~~########################################.###########
###############################\oooooooooooo#################oooooooo###########################<oooo####################~~~~~~~~~~~~~~~~~~#######################_~~~~~~~~~~~~~~###########<oooooooo>###############################
################################\ooooooooooo>################ooooooooooo########################ooooo####################~~~~~~~~~~~~~~~~~~~########################\~~~~~~~~~~~~###########.ooooooooooo#############################
#################################\ooooooooooooo>#############oooooooooooo######################<oo__oo###################~~~~~~~~~~~~~~~~~~~#########################\~~~~~~~~~~/#############oooooooooo#############################
#############...##################oooooooooooooo>############oooooooooooo####################.../###oo###################~~~~~_##~~~~~~~~~~~##########################~~~~~~~~~############.ooooooooooo/#############################
####################################\ooooooooooooo>##########\oooooooooooo>#########################.##########..#######<~~_####<~~~~~~~~~~~#############################_~~~_##############oooooooo_################################
############.#########################ooooooooooooo>##########oooooooooooooo>###############.################<../#######._######~~~~~~~~~~~~##############################################<oooo_._###################################
###########./#########################\ooooooooooooo>##########ooooooooooooo.#####################<.########<..################<~~~~~~~~~~~~##############################################.ooo#######################################
###########.###########################ooooooooooooo.###########\ooooooooooo/###############.###<oo_########../################~~~~~~~~~~~~~##############################################\./########################################
~########../###########################\oooooooooooo######oo#####\oooooooo/####################<ooo#########._###################~~~~~~~~~~/#########################################################################################
~######<..##############################ooooooooooooo####ooo#######\oooooo####################<ooo/#########.###################~~~~~~~~~~~#####################################<ooo.##############################################.#
/######..###############################\oooooooooooo####ooo>########ooooo####################.ooo###############################_~~~~~~~#####################################<ooooo#################################################
######oo/#################################_ooooooooo/####oooo########oooo#####################./#\.###########.###################_~~~~~/#####################################ooooooo>###############################################
######oo############~>#####################\oooooooo#####ooooo>#######ooo.###################./##############<~~~##################~~~~~#####################################<ooooooo.###############################################
######./#########~~~~~######################oooooo_######ooooooo#####ooo###################################~~~~~/###########################################################ooooooo_./###############################################
#####oo########<~~~~~~#######################\oo_########ooooooooooooooo################################~~##\~~/############################################################ooooo/###################################################
####ooo########~~~_#_~###################################oooooooooooooo##########################<.>########################################################################oooo#####################################################
<ooooo#########~_#####~#################################ooooooooooooooo>#######################<.ooo>######################################################################oooooo.##################################################o
ooooo##################################################oooooooooooooooo.##<oo>#################._ooo..######..##############################################ooo############oooooo_#################################################.o
oooo###################################################oooooooooooooooo#<ooooo.##################\oo/#####<../#############################################.ooo.###########oooooo########################################.#########~~
ooo/##################################################<oooooooooooooooo..ooooo/######################.>##<~~/################################################~~############oooooo##################################################~~
oo####################################################~~~~~~~~~~~~~~~~~~~~~~/#######################<~~~~~_###############################################~~~~~~###########oooooo##################################################~~
oo#####################################################~~~~~~~~~~~~~~~~~~~~########################~~/#######.#################################################\.##########oooooo######################################<oo>#########_
oo.>####################################################_~~~~~~~~~~~~~~~~~~~~>##.############################..>#########################################~################ooooooo#######.##############################ooooo.########
~~~~######################################################~~~~~~~~~~~~~~~~~~~~~##############################\..##################################oo>#############.>#####<ooooooo####################################<oooooo/########
~~~~#####################################################~~~/##~~~~~~~~~~~~~~~~################################.################################ooooooo#########oooooo>#<oooooooo##ooo###############################oooooo/#########
~~~~##########################################################~~~~~~~~~~~~~~~~##############################<oo.#############################<oooooooooo######<oooooooooooooooooo#<oooo>############################<oooo/###########
~~~~##########################################################\~~~~~~~~~_#~~_##############################.ooo_#############################ooooooooooo######oooooooooooooooooo##oooooooo.#########################.oo/###<.########
\~~~############################################################~~~~~~~################################...#\ooo##<oo########################oooooooooooo#####oooooooooooooooooo/#.oooooooo#########################<.####<oo.########
################################################################_~~~~~~~>###################################\oo#.ooo>#######################oooooooooooo####.oooooooooooooooooo##\ooooooooo>#######################ooo>#<ooo/########

tick 49941 intent without progress, one spot held 240 ticks while the body travelled 1,424 px and never got within 158 px of it: start 3198,367 goal 3189,370 expansions 0 npc 3198,367 orb 51177.6,5872.0 player 3235,374 window x 3109..3315 y 287..454
markers S 3198,367 G 3189,370 N 3198,367 P 3235,374
trail 3491,516 3491,517 3490,517 3489,517 3488,517 3487,517 3487,518 3486,518 3485,518 3484,518 3483,518 3482,518 3481,518 3480,518 3479,518 3478,518 3478,519 3477,519 3476,519 3475,519 3475,520 3474,520 3474,521 3473,521 3471,528 3475,526 3476,526 3479,532 3479,533 3478,533 3478,534 3477,534 3477,535 3476,535 3476,536 3475,536 3475,537 3474,537 3474,538 3473,538 3473,539 3472,539 3472,540 3471,540 3471,541 3470,541 3467,545 3466,545 3466,544 3465,544 3465,543 3464,543 3463,543 3462,543 3461,543 3460,543 3459,543 3458,543 3457,543 3456,543 3455,543 3454,543 3453,543 3452,543 3451,543 3450,543 3449,543 3449,544 3448,544 3448,545 3447,545 3447,546 3446,546 3445,546 3444,546 3443,546 3442,546 3442,547 3442,548 3441,548 3440,548 3440,549 3439,549 3434,558 3433,558 3432,558 3432,557 3431,557 3431,556 3430,556 3429,556 3417,562 3416,562 3416,561 3416,560 3415,560 3415,559 3414,559 3413,559 3412,559 3412,558 3411,558 3411,557 3410,557 3409,557 3409,558 3408,558 3406,569 3407,569 3409,572 3410,572 3410,573 3411,573 3412,573 3412,574 3413,574 3414,574 3415,574 3418,585 3417,585 3417,586 3416,586 3415,586 3415,587 3414,587 3413,587 3413,588 3412,588 3411,588 3411,589 3410,589 3409,589 3409,590 3408,590 3407,590 3407,591 3406,591 3405,591 3405,592 3404,592 3403,592 3404,592 3403,592 3402,594 3401,594 3402,594 3401,608 3400,608 3400,609 3399,609 3398,609 3398,610 3398,611 3397,611 3396,611 3395,612 3395,613 3394,613 3394,614 3393,614 3393,615 3392,615 3390,628 3389,628 3389,629 3389,630 3388,630 3383,638 3382,638 3382,637 3381,637 3381,636 3380,636 3379,636 3378,636 3378,637 3377,637 3376,637 3376,638 3375,638 3374,638 3374,639 3373,639 3373,640 3372,640 3371,640 3371,641 3370,641 3369,641 3368,641 3367,641 3367,642 3366,642 3365,642 3364,642 3203,372 3202,372 3201,372 3201,371 3200,371 3199,371 3198,371 3197,371 3196,371 3195,371 3194,371 3193,371 3192,371 3191,371 3190,371 3189,371 3188,371 3189,371 3201,371 3201,372 3202,372 3203,372 3204,372 3205,372 3206,372 3207,372 3208,372 3209,372 3210,372 3211,372 3212,372 3213,372 3214,372 3220,372 3225,373 3226,373 3227,373 3228,373 3229,373 3230,373 3231,373 3232,373 3233,373 3234,373 3235,373
ooooooooooooooooooooooooooooooooooooooooooooooooooooooooooooooooooooooooooooooooooooooooooooooooooooooooooooooooooooooooooooooooooooooooooooooooooooooooooooooooooooooooooooooooooooooooooooooooooooooooooooooo
ooooooooooooooooooooooooooooooooooooooooooooooooooooooooooooooooooooooooooooooooooooooooooooooooooooooooooooooooooooooooooooooooooooooooooooooooooooooooooooooooooooooooooooooooooooooooooooooooooooooooooooooo
ooooooooooooooooooooooooooooooooooooooooooooooooooooooooooooooooooooooooooooooooooooooooooooooooooooooooooooooooooooooooooooooooooooooooooooooooooooooooooooooooooooooooooooooooooooooooooooooooooooooooooooooo
ooooooooooooooooooooooooooooooooooooooooooooooooooooooooooooooooooooooooooooooooooooooooooooooooooooooooooooooooooooooooooooooooooooooooooooooooooooooooooooooooooooooooooooooooooooooooooooooooooooooooooooooo
ooooooooooooooooooooooooooooooooooooooooooooooooooooooooooooooooooooooooooooooooooooooooooooooooooooooooooooooooooooooooooooooooooooooooooooooooooooooooooooooooooooooooooooooooooooooooooooooooooooooooooooooo
ooooooooooooooooooooooooooooooooooooooooooooooooooooooooooooooooooooooooooooooooooooooooooooooooooooooooooooooooooooooooooooooooooooooooooooooooooooooooooooooooooooooooooooooooooooooooooooooooooooooooooooooo
ooooooooooooooooooooooooooooooooooooooooooooooooooooooooooooooooooooooooooooooooooooooooooooooooooooooooooooooooooooooooooooooooooooooooooooooooooooooooooooooooooooooooooooooooooooooooooooooooooooooooooooooo
ooooooooooooooooooooooooooooooooooooooooooooooooooooooooooooooooooooooooooooooooooooooooooooooooooooooooooooooooooooooooooooooooooooooooooooooooooooooooooooooooooooooooooooooooooooooooooooooooooooooooooooooo
ooooooooooooooooooooooooooooooooooooooooooooooooooooooooooooooooooooooooooooooooooooooooooooooooooooooooooooooooooooooooooooooooooooooooooooooooooooooooooooooooooooooooooooooooooooooooooooooooooooooooooooooo
ooooooooooooooooooooooooooooooooooooooooooooooooooooooooooooooooooooooooooooooooooooooooooooooooooooooooooooooooooooooooooooooooooooooooooooooooooooooooooooooooooooooooooooooooooooooooooooooooooooooooooooooo
ooooooooooooooooooooooooooooooooooooooooooooooooooooooooooooooooooooooooooooooooooooooooooooooooooooooooooooooooooooooooooooooooooooooooooooooooooooooooooooooooooooooooooooooooooooooooooooooooooooooooooooooo
ooooooooooooooooooooooooooooooooooooooooooooooooooooooooooooooooooooooooooooooooooooooooooooooooooooooooooooooooooooooooooooooooooooooooooooooooooooooooooooooooooooooooooooooooooooooooooooooooooooooooooooooo
ooooooooooooooooooooooooooooooooooooooooooooooooooooooooooooooooooooooooooooooooooooooooooooooooooooooooooooooooooooooooooooooooooooooooooooooooooooooooooooooooooooooooooooooooooooooooooooooooooooooooooooooo
ooooooooooooooooooooooooooooooooooooooooooooooooooooooooooooooooooooooooooooooooooooooooooooooooooooooooooooooooooooooooooooooooooooooooooooooooooooooooooooooooooooooooooooooooooooooooooooooooooooooooooooooo
ooooooooooooooooooooooooooooooooooooooooooooooooooooooooooooooooooooooooooooooooooooooooooooooooooooooooooooooooooooooooooooooooooooooooooooooooooooooooooooooooooooooooooooooooooooooooooooooooooooooooooooooo
ooooooooooooooooooooooooooooooooooooooooooooooooooooooooooooooooooooooooooooooooooooooooooooooooooooooooooooooooooooooooooooooooooooooooooooooooooooooooooooooooooooooooooooooooooooooooooooooooooooooooooooooo
ooooooooooooooooooooooooooooooooooooooooooooooooooooooooooooooooooooooooooooooooooooooooooooooooooooooooooooooooooooooooooooooooooooooooooooooooooooooooooooooooooooooooooooooooooooooooooooooooooooooooooooooo
ooooooooooooooooooooooooooooooooooooooooooooooooooooooooooooooooooooooooooooooooooooooooooooooooooooooooooooooooooooooooooooooooooooooooooooooooooooooooooooooooooooooooooooooooooooooooooooooooooooooooooooooo
ooooooooooooooooooooooooooooooooooooooooooooooooooooooooooooooooooooooooooooooooooooooooooooooooooooooooooooooooooooooooooooooooooooooooooooooooooooooooooooooooooooooooooooooooooooooooooooooooooooooooooooooo
ooooooooooooooooooooooooooooooooooooooooooooooooooooooooooooooooooooooooooooooooooooooooooooooooooooooooooooooooooooooooooooooooooooooooooooooooooooooooooooooooooooooooooooooooooooooooooooooooooooooooooooooo
ooooooooooooooooooooooooooooooooooooooooooooooooooooooooooooooooooooooooooooooooooooooooooooooooooooooooooooooooooooooooooooooooooooooooooooooooooooooooooooooooooooooooooooooooooooooooooooooooooooooooooooooo
ooooooooooooooooooooooooooooooooooooooooooooooooooooooooooooooooooooooooooooooooooooooooooooooooooooooooooooooooooooooooooooooooooooooooooooooooooooooooooooooooooooooooooooooooooooooooooooooooooooooooooooooo
ooooooooooooooooooooooooooooooooooooooooooooooooooooooooooooooooooooooooooooooooooooooooooooooooooooooooooooooooooooooooooooooooooooooooooooooooooooooooooooooooooooooooooooooooooooooooooooooooooooooooooooooo
ooooooooooooooooooooooooooooooooooooooooooooooooooooooooooooooooooooooooooooooooooooooooooooooooooooooooooooooooooooooooooooooooooooooooooooooooooooooooooooooooooooooooooooooooooooooooooooooooooooooooooooooo
ooooooooooooooooooooooooooooooooooooooooooooooooooooooooooooooooooooooooooooooooooooooooooooooooooooooooooooooooooooooooooooooooooooooooooooooooooooooooooooooooooooooooooooooooooooooooooooooooooooooooooooooo
ooooooooooooooooooooooooooooooooooooooooooooooooooooooooooooooooooooooooooooooooooooooooooooooooooooooooooooooooooooooooooooooooooooooooooooooooooooooooooooooooooooooooooooooooooooooooooooooooooooooooooooooo
ooooooooooooooooooooooooooooooooooooooooooooooooooooooooooooooooooooooooooooooooooooooooooooooooooooooooooooooooooooooooooooooooooooooooooooooooooooooooooooooooooooooooooooooooooooooooooooooooooooooooooooooo
ooooooooooooooooooooooooooooooooooooooooooooooooooooooooooooooooooooooooooooooooooooooooooooooooooooooooooooooooooooooooooooooooooooooooooooooooooooooooooooooooooooooooooooooooooooooooooooooooooooooooooooooo
ooooooooooooooooooooooooooooooooooooooooooooooooooooooooooooooooooooooooooooooooooooooooooooooooooooooooooooooooooooooooooooooooooooooooooooooooooooooooooooooooooooooooooooooooooooooooooooooooooooooooooooooo
ooooooooooooooooooooooooooooooooooooooooooooooooooooooooooooooooooooooooooooooooooooooooooooooooooooooooooooooooooooooooooooooooooooooooooooooooooooooooooooooooooooooooooooooooooooooooooooooooooooooooooooooo
ooooooooooooooooooooooooooooooooooooooooooooooooooooooooooooooooooooooooooooooooooooooooooooooooooooooooooooooooooooooooooooooooooooooooooooooooooooooooooooooooooooooooooooooooooooooooooooooooooooooooooooooo
ooooooooooooooooooooooooooooooooooooooooooooooooooooooooooooooooooooooooooooooooooooooooooooooooooooooooooooooooooooooooooooooooooooooooooooooooooooooooooooooooooooooooooooooooooooooooooooooooooooooooooooooo
ooooooooooooooooooooooooooooooooooooooooooooooooooooooooooooooooooooooooooooooooooooooooooooooooooooooooooooooooooooooooooooooooooooooooooooooooooooooooooooooooooooooooooooooooooooooooooooooooooooooooooooooo
ooooooooooooooooooooooooooooooooooooooooooooooooooooooooooooooooooooooooooooooooooooooooooooooooooooooooooooooooooooooooooooooooooooooooooooooooooooooooooooooooooooooooooooooooooooooooooooooooooooooooooooooo
ooooooooooooooooooooooooooooooooooooooooooooooooooooooooooooooooooooooooooooooooooooooooooooooooooooooooooooooooooooooooooooooooooooooooooooooooooooooooooooooooooooooooooooooooooooooooooooooooooooooooooooooo
ooooooooooooooooooooooooooooooooooooooooooooooooooooooooooooooooooooooooooooooooooooooooooooooooooooooooooooooooooooooooooooooooooooooooooooooooooooooooooooooooooooooooooooooooooooooooooooooooooooooooooooooo
ooooooooooooooooooooooooooooooooooooooooooooooooooooooooooooooooooooooooooooooooooooooooooooooooooooooooooooooooooooooooooooooooooooooooooooooooooooooooooooooooooooooooooooooooooooooooooooooooooooooooooooooo
ooooooooooooooooooooooooooooooooooooooooooooooooooooooooooooooooooooooooooooooooooooooooooooooooooooooooooooooooooooooooooooooooooooooooooooooooooooooooooooooooooooooooooooooooooooooooooooooooooooooooooooooo
ooooooooooooooooooooooooooooooooooooooooooooooooooooooooooooooooooooooooooooooooooooooooooooooooooooooooooooooooooooooooooooooooooooooooooooooooooooooooooooooooooooooooooooooooooooooooooooooooooooooooooooooo
ooooooooooooooooooooooooooooooooooooooooooooooooooooooooooooooooooooooooooooooooooooooooooooooooooooooooooooooooooooooooooooooooooooooooooooooooooooooooooooooooooooooooooooooooooooooooooooooooooooooooooooooo
ooooooooooooooooooooooooooooooooooooooooooooooooooooooooooooooooooooooooooooooooooooooooooooooooooooooooooooooooooooooooooooooooooooooooooooooooooooooooooooooooooooooooooooooooooooooooooooooooooooooooooooooo
ooooooooooooooooooooooooooooooooooooooooooooooooooooooooooooooooooooooooooooooooooooooooooooooooooooooooooooooooooooooooooooooooooooooooooooooooooooooooooooooooooooooooooooooooooooooooooooooooooooooooooooooo
ooooooooooooooooooooooooooooooooooooooooooooooooooooooooooooooooooooooooooooooooooooooooooooooooooooooooooooooooooooooooooooooooooooooooooooooooooooooooooooooooooooooooooooooooooooooooooooooooooooooooooooooo
ooooooooooooooooooooooooooooooooooooooooooooooooooooooooooooooooooooooooooooooooooooooooooooooooooooooooooooooooooooooooooooooooooooooooooooooooooooooooooooooooooooooooooooooooooooooooooooooooooooooooooooooo
ooooooooooooooooooooooooooooooooooooooooooooooooooooooooooooooooooooooooooooooooooooooooooooooooooooooooooooooooooooooooooooooooooooooooooooooooooooooooooooooooooooooooooooooooooooooooooooooooooooooooooooooo
ooooooooooooooooooooooooooooooooooooooooooooooooooooooooooooooooooooooooooooooooooooooooooooooooooooooooooooooooooooooooooooooooooooooooooooooooooooooooooooooooooooooooooooooooooooooooooooooooooooooooooooooo
ooooooooooooooooooooooooooooooooooooooooooooooooooooooooooooooooooooooooooooooooooooooooooooooooooooooooooooooooooooooooooooooooooooooooooooooooooooooooooooooooooooooooooooooooooooooooooooooooooooooooooooooo
ooooooooooooooooooooooooooooooooooooooooooooooooooooooooooooooooooooooooooooooooooooooooooooooooooooooooooooooooooooooooooooooooooooooooooooooooooooooooooooooooooooooooooooooooooooooooooooooooooooooooooooooo
ooooooooooooooooooooooooooooooooooooooooooooooooooooooooooooooooooooooooooooooooooooooooooooooooooooooooooooooooooooooooooooooooooooooooooooooooooooooooooooooooooooooooooooooooooooooooooooooooooooooooooooooo
ooooooooooooooooooooooooooooooooooooooooooooooooooooooooooooooooooooooooooooooooooooooooooooooooooooooooooooooooooooooooooooooooooooooooooooooooooooooooooooooooooooooooooooooooooooooooooooooooooooooooooooooo
ooooooooooooooooooooooooooooooooooooooooooooooooooooooooooooooooooooooooooooooooooooooooooooooooooooooooooooooooooooooooooooooooooooooooooooooooooooooooooooooooooooooooooooooooooooooooooooooooooooooooooooooo
ooooooooooooooooooooooooooooooooooooooooooooooooooooooooooooooooooooooooooooooooooooooooooooooooooooooooooooooooooooooooooooooooooooooooooooooooooooooooooooooooooooooooooooooooooooooooooooooooooooooooooooooo
ooooooooooooooooooooooooooooooooooooooooooooooooooooooooooooooooooooooooooooooooooooooooooooooooooooooooooooooooooooooooooooooooooooooooooooooooooooooooooooooooooooooooooooooooooooooooooooooooooooooooooooooo
ooooooooooooooooooooooooooooooooooooooooooooooooooooooooooooooooooooooooooooooooooooooooooooooooooooooooooooooooooooooooooooooooooooooooooooooooooooooooooooooooooooooooooooooooooooooooooooooooooooooooooooooo
ooooooooooooooooooooooooooooooooooooooooooooooooooooooooooooooooooooooooooooooooooooooooooooooooooooooooooooooooooooooooooooooooooooooooooooooooooooooooooooooooooooooooooooooooooooooooooooooooooooooooooooooo
ooooooooooooooooooooooooooooooooooooooooooooooooooooooooooooooooooooooooooooooooooooooooooooooooooooooooooooooooooooooooooooooooooooooooooooooooooooooooooooooooooooooooooooooooooooooooooooooooooooooooooooooo
ooooooooooooooooooooooooooooooooooooooooooooooooooooooooooooooooooooooooooooooooooooooooooooooooooooooooooooooooooooooooooooooooooooooooooooooooooooooooooooooooooooooooooooooooooooooooooooooooooooooooooooooo
ooooooooooooooooooooooooooooooooooooooooooooooooooooooooooooooooooooooooooooooooooooooooooooooooooooooooooooooooooooooooooooooooooooooooooooooooooooooooooooooooooooooooooooooooooooooooooooooooooooooooooooooo
ooooooooooooooooooooooooooooooooooooooooooooooooooooooooooooooooooooooooooooooooooooooooooooooooooooooooooooooooooooooooooooooooooooooooooooooooooooooooooooooooooooooooooooooooooooooooooooooooooooooooooooooo
ooooooooooooooooooooooooooooooooooooooooooooooooooooooooooooooooooooooooooooooooooooooooooooooooooooooooooooooooooooooooooooooooooooooooooooooooooooooooooooooooooooooooooooooooooooooooooooooooooooooooooooooo
ooooooooooooooooooooooooooooooooooooooooooooooooooooooooooooooooooooooooooooooooooooooooooooooooooooooooooooooooooooooooooooooooooooooooooooooooooooooooooooooooooooooooooooooooooooooooooooooooooooooooooooooo
ooooooooooooooooooooooooooooooooooooooooooooooooooooooooooooooooooooooooooooooooooooooooooooooooooooooooooooooooooooooooooooooooooooooooooooooooooooooooooooooooooooooooooooooooooooooooooooooooooooooooooooooo
ooooooooooooooooooooooooooooooooooooooooooooooooooooooooooooooooooooooooooooooooooooooooooooooooooooooooooooooooooooooooooooooooooooooooooooooooooooooooooooooooooooooooooooooooooooooooooooooooooooooooooooooo
ooooooooooooooooooooooooooooooooooooooooooooooooooooooooooooooooooooooooooooooooooooooooooooooooooooooooooooooooooooooooooooooooooooooooooooooooooooooooooooooooooooooooooooooooooooooooooooooooooooooooooooooo
ooooooooooooooooooooooooooooooooooooooooooooooooooooooooooooooooooooooooooooooooooooooooooooooooooooooooooooooooooooooooooooooooooooooooooooooooooooooooooooooooooooooooooooooooooooooooooooooooooooooooooooooo
ooooooooooooooooooooooooooooooooooooooooooooooooooooooooooooooooooooooooooooooooooooooooooooooooooooooooooooooooooooooooooooooooooooooooooooooooooooooooooooooooooooooooooooooooooooooooooooooooooooooooooooooo
ooooooooooooooooooooooooooooooooooooooooooooooooooooooooooooooooooooooooooooooooooooooooooooooooooooooooooooooooooooooooooooooooooooooooooooooooooooooooooooooooooooooooooooooooooooooooooooooooooooooooooooooo
ooooooooooooooooooooooooooooooooooooooooooooooooooooooooooooooooooooooooooooooooooooooooooooooooooooooooooooooooooooooooooooooooooooooooooooooooooooooooooooooooooooooooooooooooooooooooooooooooooooooooooooooo
ooooooooooooooooooooooooooooooooooooooooooooooooooooooooooooooooooooooooooooooooooooooooooooooooooooooooooooooooooooooooooooooooooooooooooooooooooooooooooooooooooooooooooooooooooooooooooooooooooooooooooooooo
ooooooooooooooooooooooooooooooooooooooooooooooooooooooooooooooooooooooooooooooooooooooooooooooooooooooooooooooooooooooooooooooooooooooooooooooooooooooooooooooooooooooooooooooooooooooooooooooooooooooooooooooo
ooooooooooooooooooooooooooooooooooooooooooooooooooooooooooooooooooooooooooooooooooooooooooooooooooooooooooooooooooooooooooooooooooooooooooooooooooooooooooooooooooooooooooooooooooooooooooooooooooooooooooooooo
ooooooooooooooooooooooooooooooooooooooooooooooooooooooooooooooooooooooooooooooooooooooooooooooooooooooooooooooooooooooooooooooooooooooooooooooooooooooooooooooooooooooooooooooooooooooooooooooooooooooooooooooo
ooooooooooooooooooooooooooooooooooooooooooooooooooooooooooooooooooooooooooooooooooooooooooooooooooooooooooooooooooooooooooooooooooooooooooooooooooooooooooooooooooooooooooooooooooooooooooooooooooooooooooooooo
ooooooooooooooooooooooooooooooooooooooooooooooooooooooooooooooooooooooooooooooooooooooooooooooooooooooooooooooooooooooooooooooooooooooooooooooooooooooooooooooooooooooooooooooooooooooooooooooooooooooooooooooo
ooooooooooooooooooooooooooooooooooooooooooooooooooooooooooooooooooooooooooooooooooooooooooooooooooooooooooooooooooooooooooooooooooooooooooooooooooooooooooooooooooooooooooooooooooooooooooooooooooooooooooooooo
ooooooooooooooooooooooooooooooooooooooooooooooooooooooooooooooooooooooooooooooooooooooooooooooooooooooooooooooooooooooooooooooooooooooooooooooooooooooooooooooooooooooooooooooooooooooooooooooooooooooooooooooo
ooooooooooooooooooooooooooooooooooooooooooooooooooooooooooooooooooooooooooooooooooooooooooooooooooooooooooooooooooooooooooooooooooooooooooooooooooooooooooooooooooooooooooooooooooooooooooooooooooooooooooooooo
ooooooooooooooooooooooooooooooooooooooooooooooooooooooooooooooooooooooooooooooooooooooooooooooooooooooooooooooooooooooooooooooooooooooooooooooooooooooooooooooooooooooooooooooooooooooooooooooooooooooooooooooo
ooooooooooooooooooooooooooooooooooooooooooooooooooooooooooooooooooooooooooooooooooooooooooooooooooooooooooooooooooooooooooooooooooooooooooooooooooooooooooooooooooooooooooooooooooooooooooooooooooooooooooooooo
oooooooooooooooooooooooooooooooooooooooooooooooooooooooooooooooooooooooooooooooooooooooonnnoooooooooooooooooooooooooooooooooooooooooooooooooooooooooooooooooooooooooooooooooooooooooooooooooooooooooooooooooooo
oooooooooooooooooooooooooooooooooooooooooooooooooooooooooooooooooooooooooooooooooooooooonNnoooooooooooooooooooooooooooooooooooooooooooooooooooooooooooooooooooooooooooooooooooooooooooooooooooooooooooooooooooo
ooooooooooooooooooooooooooooooooooooooooooooooooooooooooooooooooooooooooooooooooooooooooooooooooooooooooooooooooooooooooooooooooooooooooooooooooooooooooooooooooooooooooooooooooooooooooooooooooooooooooooooooo
ooooooooooooooooooooooooooooooooooooooooooooooooooooooooooooooooooooooooooooooooooooooooooooooooooooooooooooooooooooooooooooooooooooooooooooooooooooooooooooooooooooooooooooooooooooooooooooooooooooooooooooooo
ooooooooooooooooooooooooooooooooooooooooooooooooooooooooooooooooooooooooooooooooGoooooooooooooooooooooooooooooooooooooooooooooooooooooooooooooooooooooooooooooooooooooooooooooooooooooooooooooooooooooooooo/###
__oooooo_####\ooooooooo/####################_oooooooooooooooooooooooooooooooooooooooooooooooooooooooooooooooooooooooooooooooooooooooooooooooooooooooooooooooooooooooooooooooooooooooooooooooooooooooooo/#######
##############################################_ooooooooooooo_###############################ooooooooooooooooooooooooooooooooooooooooooooooooooooooooooooooooooooo/#######_ooooooooooo_#########################
##########################################################################################################_oooo==ooooooooooooooooooooo_########################################################################
##################################################################################################################################_._##########################################################################
###############################################################################################################################################################################################################
###############################################################################################################################################################################################################
###############################################################################################################################################################################################################
###############################################################################################################################################################################################################
###############################################################################################################################################################################################################
###############################################################################################################################################################################################################
###############################################################################################################################################################################################################
###############################################################################################################################################################################################################
###############################################################################################################################################################################################################
###############################################################################################################################################################################################################
###############################################################################################################################################################################################################
###############################################################################################################################################################################################################
###############################################################################################################################################################################################################
###############################################################################################################################################################################################################
###############################################################################################################################################################################################################
###############################################################################################################################################################################################################
###############################################################################################################################################################################################################
###############################################################################################################################################################################################################
###############################################################################################################################################################################################################
###############################################################################################################################################################################################################
###############################################################################################################################################################################################################
###############################################################################################################################################################################################################
###############################################################################################################################################################################################################
###############################################################################################################################################################################################################
###############################################################################################################################################################################################################
###############################################################################################################################################################################################################
###############################################################################################################################################################################################################
###############################################################################################################################################################################################################
###############################################################################################################################################################################################################
###############################################################################################################################################################################################################
###############################################################################################################################################################################################################
###############################################################################################################################################################################################################
###############################################################################################################################################################################################################
###############################################################################################################################################################################################################
###############################################################################################################################################################################################################
###############################################################################################################################################################################################################
###############################################################################################################################################################################################################
###############################################################################################################################################################################################################
###############################################################################################################################################################################################################
###############################################################################################################################################################################################################
###############################################################################################################################################################################################################
###############################################################################################################################################################################################################
###############################################################################################################################################################################################################
###############################################################################################################################################################################################################
###############################################################################################################################################################################################################
###############################################################################################################################################################################################################
###############################################################################################################################################################################################################
###############################################################################################################################################################################################################
###############################################################################################################################################################################################################
###############################################################################################################################################################################################################
###############################################################################################################################################################################################################
###############################################################################################################################################################################################################
###############################################################################################################################################################################################################
###############################################################################################################################################################################################################
###############################################################################################################################################################################################################
###############################################################################################################################################################################################################
###############################################################################################################################################################################################################
###############################################################################################################################################################################################################
###############################################################################################################################################################################################################
###############################################################################################################################################################################################################
###############################################################################################################################################################################################################
###############################################################################################################################################################ooooo>##########################################
###############################################################################################################################################################oooooo##########################################
###############################################################################################################################################################oooooooo>#######################################
###############################################################################################################################################################ooooooooo#######################################
###############################################################################################################################################################oooooooooo######################################
###############################################################.################################################################################################ooooooooo######################################
###############################################################ooo##############################################################################################\ooooooooo>####################################
###############################################################ooooo>########################################################################.>##################ooooooooooo###################################
################################################################ooooooo>###################################################################<ooo##################\ooooooooooo>#################################
################################################################_ooooooooo>###############################################################ooooo###################\oooooooooooo################################
#################################################################oooooooooooo>############################################################ooooooo>#################ooooooooooooo###############################
#################################################################\oooooooooooo>#########################################################oooooooooo##.>##############ooooooooooooo##############################
#####################################################.############_oooooooooooo>###########<.#########################################oooooooooooo#ooo>##############_ooooooooooo>#############################
###################################################################ooooooooooooo###########ooo########################################ooooooooooooooooo################_ooooooooooo############################
#######################################################.>##########\oooooooooooooo#########ooo#######################################oooooooooooooooooo>#################oooooooooo############################
#######################################################\.###oo######ooooooooooooooo######ooooooo>####################################oooooooooooooooooooo>################oooooooooooo>########################
########################################################.#..oo######oooooooooooooooo####<oooooooo####################################ooooooooooooooooooooo#################oooooo/#ooooo>######################
###########################################################_oo#######\oooooooooooooo###.ooooooooo####################################ooooooooooooooooooooo#################\ooooo##\ooooo######################
############################################################oooo######\ooooooooooooooo##ooooooooo#####################################\ooooooooooooooooooo###################_._#####\oooo#####################

