tick 22666 traversal fault, Stuck on Drop 3740,528 -> 3736,532 after 40 ticks, proven 41: start 3740,528 goal 3722,541 expansions 0 npc 3740,528 npcbox 59834.5,8464.0,20,42 player 3719,541 window x 3639..3820 y 448..621
markers S 3740,528 G 3722,541 N 3740,528 P 3719,541
trail 3861,520 3862,520 3863,520 3864,520 3865,520 3866,520 3867,520 3868,520 3869,520 3870,520 3871,520 3872,520 3880,519 3881,519 3881,518 3884,515 3885,515 3886,515 3888,517 3889,517 3890,517 3891,517 3892,517 3893,517 3894,517 3895,517 3896,517 3899,518 3899,517 3898,517 3897,517 3896,517 3895,517 3894,517 3893,517 3892,517 3891,517 3887,517 3887,516 3886,516 3886,515 3885,515 3884,515 3883,515 3883,516 3882,516 3879,519 3878,519 3877,519 3877,520 3876,520 3875,520 3875,521 3874,521 3874,520 3873,520 3872,520 3871,520 3870,520 3869,520 3868,520 3867,520 3866,520 3865,520 3864,520 3863,520 3862,520 3861,520 3860,520 3859,520 3858,520 3857,520 3856,520 3855,520 3854,520 3853,520 3853,521 3852,521 3852,522 3851,522 3851,523 3850,523 3850,524 3850,523 3851,523 3851,522 3851,523 3850,523 3850,524 3849,524 3849,525 3848,525 3847,525 3847,526 3846,526 3845,526 3844,526 3843,526 3842,526 3841,526 3840,526 3839,526 3838,526 3837,526 3836,526 3835,526 3834,526 3833,526 3832,526 3831,526 3830,526 3829,526 3828,526 3827,526 3826,526 3825,526 3824,526 3823,526 3822,526 3821,526 3821,527 3820,527 3819,527 3818,527 3817,527 3816,527 3815,527 3814,527 3813,527 3812,527 3811,527 3811,528 3810,528 3810,529 3809,529 3809,530 3808,530 3808,531 3807,531 3797,533 3796,533 3796,532 3795,532 3795,531 3794,531 3793,531 3792,531 3791,531 3790,531 3789,531 3788,531 3787,531 3786,531 3785,531 3784,531 3783,531 3783,532 3782,532 3768,545 3767,545 3761,537 3761,536 3760,536 3759,536 3758,536 3757,536 3756,536 3755,536 3754,536 3753,536 3752,536 3751,536 3750,536 3749,536 3748,536 3742,530 3741,530 3741,529 3741,528 3740,528 3734,534 3735,534 3739,530 3740,528 3741,528 3740,528 3739,528 3739,530 3740,528 3739,528 3736,532 3734,534 3733,536 3732,536 3733,536 3734,536 3734,535 3734,534 3734,536 3733,536 3732,536 3731,536 3731,537 3730,537 3729,537 3728,537 3727,537 3726,537 3725,537 3722,540 3722,541 3721,541 3720,541 3719,541 3718,541 3717,541 3716,541 3715,541 3716,541 3717,541 3718,541 3717,541 3716,541 3715,541 3715,542 3714,542 3715,542 3715,541 3716,541 3715,541 3715,542 3714,542 3714,543 3714,542 3715,542 3715,541 3716,541 3717,541 3718,541 3719,541
##################################.....o#####################_o###<........###########################################################################################################
##################################....o/#########################...........>#########################################################################################################
###############################<.....o/##########################............########################..>##############################################################################
#############################.........###########################ooooo........########################_.##############################################################################
###########################<........oo#####################~>########\o........###########.###########################################################################################
._~~#######################.......oo_######################\..########\oo.......#########..###############..##########################################################################
.########################.........o#########################....>#######oo......#######<..################..#########<.###############################################################
.########################........o/#########################\o...########o.......######./#################o/#######<.....#############################################################
.#######################<........o###########################_......#####\o......########################..########.......############################################################
.#######################........o/############################o......>####oo...oo#######################<..#######<........###########################################################
.>###~###...######..##<.......ooo#############################\o.......####oo.o_########################..########.........###########################################################
..######.....###....#..........################################_o........>##_o/#########################./#######..........>####################.........#############################
..####........##.............o_#################################..........>###########################<..#######.............###################.........#############################
...###........................##################################oo.........###########################../#######.............#######################\oo..#############################
...#.......................ooo###################################oo........>##########################..########oo..........o#########################\oo.############################
..........................o/###############################.>#####...........#########################.o#########oo........o/###########################_.############################
...........................##############################<...###<............##################~>####.o/##<..#####oo......o/#################################~~#######################
..........................o#########.>##################<.....##..............#################\~####..##.....#####oo....oo##########################################<.###############
.........................o/#########.........##########<......##\o.............##################~>##..>#......#####oo.oo/#########################################<....>############.
..........................##########..........########<.........#...............##################...............####oo_######################################<..........#.########...
..........................##########...........#######...........................###############<................##########################################................#########..
..........................##########...........>######............................#############..................##########################################................>########\o
o.........................##########............######\o..........................#<..########<...................##################################.>#####.................>########.
......................oooo##########o...........#######~~~~~~~~~~~~~~~~~~~~~~~~~~~#....#######...................##################################<..#####..................########.
.....................o/#############\o............#####\~~~~~~~~~~~~~~~~~~~~~~~~~~~~~~~~######...................##################################.o.#####..................########.
...................oo/###############..............#####~~~~~~~~~~~~~~~~~~~~~~~~~~~~~~~~>####<.......ooo.........##################################._######oo..............o/########o
...................o#################oo............>##########~~~~~~~~~~~~~~~~~~~~~~~~~~~~###......oo_#..........###########################################\oo...........oo##########
.................oo/##################...............########~~~~~~~~~~~~~~~~~~~~~~~~~~~~~~##....oo/###..........#############################################_oo.........o###########
................oo###################................>#######~~~~~~~~~~_######~~~~~~~~~~~~~>#\o...#####o......ooo###############################################\oo.....oo/###########
...............oo##################...................#######~~~~~~~~~~#######\~~~~~~~~~~~~~##oo....###\o...oo/###################################################\oooooo#############
...............o###################......ooo...........#######\~~~~~~~~########~~~~~~~~~~~~~###oo....###oooo/#############################################.....#######o_##############
oo...........oo/#################<......o/#oo..........#########~~~~~/#########~~~~~~~~~~~~~####\o...####################################################......>######################
#o.........oo_###################........###oo......oo/#########\~~~/##########~~~~~~~~~~~~~#####\o...#################~>###############################<........#####################
#\o......oo/#####################_.......####_oo....o############~~~##########~~~~~~~~~~~~~~######....################<~~##############################..........#####################
##......o/########################oo......#####oo.oo/#########################~~~~~~~~~~~~~~######....###############~~~~##############################...........####################
.........##########################_oo....>#####_o/###########################~~~~~~~~~~~~~~######....################\~##############################............>###################
.........############################\oo...###################################_~~~~~~~~~~~~/######oo...###############################################.............###################
.........#####.########################_oo.###########..#######################~~~~~~~~~~~~########o....>#############################################..............##################
~~~~~~~~~#####..#########################_o####################################~~~~~~~~~~~/##<.####\ooo...>###########################################..............>#################
~~~~~~~~~######################################################################~~~~~~~~~~~#<...#######oo...###########################################oo.............#################
~~~~~~~/#######################################################################~~~~~~~~~~_../##########oo...>##########################################\o.............################
~#\~~_##..#####################################################################~~~~~~~~_################oo........##########..##########################\o.............###############
/#################################################################################################.######oo.........#######...###############~~##########...............##############
################################################################################################.....#####_oo........######....############~~~~~~>#######~~~~~~~~~~~~~~~##############
######################################################################################..>######<....########\~~~~~~~~#######_o##############_~~~~~>######~~~~~~~~~~~~~~/##############
######################################################################################...####.........##########\~~~~#########################_~~~~######~~~~~~~~~~~~~~###############
###################################################################################<.....###<.........############\~~##########################\~~~######~~~~~~~~~~~~~~###############
###################################################################################..................o###########################################~########\~_#_~~~~~~~################
##########################.>#######################################################................oo/#########################################################\~~~~~~################
##########################\.##########.##########################################.................oo############################################################~~~~~~~###############
###########################..>#######./#########################################...............ooo_##############################################################_~~~~~###############
#############.#############...>######.##########################################...............o#############################...##################################\~~~~###############
#############.##############o..######.#########.################################\o............o/#############################...####################################_~~###############
#############################...>##############.#################################o...........oo###############################_.########~~############################################
#############################_o....>#############################################\oo..........##########################################~~############################################
##############################......###############################################_oo......oo.#######################################################################################
##############################oo....#################################################\o...oo/#########################################################################################
###############################o.....#################################################...oo###########################################################################################
###############################\o....##################################~~#############...o############################################################################################
####.###########################.....################################################<.oo/############################################################################################
################################.....################################################..o########################################################~~####################################
###############################......################################################.o/########################################################~~####################################
###############################......############......##############################.#########################################<...###################################################
###############################......############........>#<.########################~########################################<....###################################################
###############################.......###########............########################~#######################################....o/###################################################
###############################o......>##########...........##############################################################.#....o_####################################################
###############################\o......##########o............###########################################################......oo#####################################################
################################.......##########\o..........###########################################################........######################################################
#####################.>#########........##########\o..........################################.....######################.......######################################################
#####################.......####........###########oo........#################################......####################..........#..#..##############################################
#################............###o......o############..........################################ooo.....########..########.o...oo_####.....#############################################
################<.............##\oo...o/########...........oo###################################.......>#################\oooo#######\o..#############################################
################................##...oo#######..........oooo##################################...........>#################o/#####.###\o/#############################################
###############~~~~~~~~~~~~~~~~~#<ooo_######<...........o#####################################.............####################..#.###################.#.>################<.>#######<.
#############<~~~~~~~~~~~~~~~~~~~~#########<...........o/###################################<...............#####################################..........#.############<............
#############~~~~~~~~~~~~~~~~~~~~~~~##<~~~~~~~~~~~~~~~~~####################################..................################....#############<............############<.............
###########<~~~~~~~~~~~~~~~~~~~~~~~~~~~~~~~~~~~~~~~~~~~~###################################...................>###########.........>#########.........................................
###########~~~~~~~~~~~~~~~~~~~~~~~~~~~~~~~~~~~~~~~~~~~~~##################################.....................###########..........#########.........................................
##########<~~~~~~~~~~~~~~~~~~~~~~~~~~~~~~~~~~~~~~~~~~~~~#################..###############\.........nn...........#########..........######<...........................................
#########~~~~~~~~~~~~~~~~~~~~~~~~~~~~~~~~~~~~~~~~~~~~~~~##############<.....###############.........nn............########...........###<...................................oooooooooo
##########~~~~~~~~~~~~###\~~~~~~~~~~~~~~~~~~~~~~~~~~~~~~##############...oo.###############.........nNo.........o..######<...........###...................................o/#########
#########<~~~~~~~~~~~~####\~~~~~~~~~~~~~~~~~~~~~~~~~~~~_#############./####################..........#o........o/\...>##<.................................................o/##########
#########~~~~~~~~~~~~~######_~~~~~~~~~~~~~~~~~~~~~~~~~~###################################<.........o#\o........>##......................................................o/###########
##<.####<~~~~~~~~~~~~~#######\~~~~~~~~~~~~~~~~~~~~~~~~~############################...............oo/##\o.......................................ooooooooooooo...........o/############
#<...###~~~~~~~~~~~~~~#########_~~~~~~~~~~~#####_~~~~~/############################..............oo#####\o.....................................o/###########~~~~~~~~~~~~~>############
#....###~~~~~~~~~~~~~############\~~~~~~/#~########_~~##########################.................o#######\o.....................................>############\~~~~~~~~~~~~############
##\oo####_~~~~~~~~~~/###############################\~#########################................oo/########\o.....................................#############\~~~~~~~~~~~~###########
############~~~~~~~##################################~~####################.##.................o###########\o..................................o.###############~~~~~~~~~~~###########
###########~~~~~~~/##################################\~~##################..#...............ooo/############\oooooooooooooo...................oo#################~~~~~~~~~/###########
#############~/#~#####################################~~~~~##############.............oooooo/####################~~#######ooooo...............o##################\~~~~~~~~############
###########################.##############################~~###########<..............o#.#####################<~~~~~##########..............oo/###<.###############\~~~~~~############
##########################..##############################\~#########<...............o/#######################~~~~###########..............o/#####..#################\~/##############
##########################./#########################################..............ooo#######################################...............##...../##################################
###################<...>#..#....##################################<.#.......ooooPoo_#########################################...............#.....####################################
###########............../##....#################################..........o/################################################oo................oo#####################################
##########<.........#######<....#################################.........o/##################################################\o................######################################
...........................................................................>###################################################\o...............>#####################################
............................................................................####################################################\oo.......oo.....#####################################
............................................................................######################################################oo.......(o.....>###################################
............................................................................#######################################################\oo......(oo....>##################################
oooooooooooooooooooooooooooooooooooooooooooooooooooooooooooooooooooooo.......#..>####################################################~~~~~~~/#\~~~~~##################################
#####################################################################oo..........>#################################################<~~~~~~~/###\~~~~>#################################
######################################################################\ooo..........>##############################################~~~~~~~/######~~~~#################################
#########################################################################............#############################################<~~~~~~~########~~~#############################.###
########################################################################<............#############################################~~~~~~~~########~~~#################################
########################################################################.............>############################################~~~~~~~_######<~~~~################################.
#######################################################################...............############################################~~~~~~~######<~~~~/##########################<......
#######################################################################\o.............##########################################<~~~~~~~~#####~~~~~/#########################.........
########################################################################\oo.........oo##########################################~~~~~~~~/#####~~~/###########################.........
##########################################################################_oo.....oo/###########################################~~~~~~~~#.>#~~~~############################..........
############################################################################oo.....#############################################~~~~~~~~~~~#~~_###########################............
#############################################################################\ooo...>###########################################~~~~~~~~~~~~~###########################<.............
####################################################################<..>########.....###########################################\~~~~~~~~~~~~~>########################<............oo
####################################################################....####.........#############################################~~~~~~~~~~~~~########################.............o#
###################################################################......#............###########################################~~~~~~~~~~~~~~~######################............oo/#
##################################################################....................###########################################\~~~~~~~~~~~~~~~~####################............o###
##################################################################......................##########################################~~~~~~~~~~~~~~~~##################............oo/###
################################################################........................##########.###############################\~~~~~~~~~~~~~~~##################\..........oo#####
################################################################\.....................o/#########..############~###################~~~~~~~~~~~~~~~###################.........o/######
##################################################################oo.................oo#############################################\~~~~~~~~~~~~####################o......oo/#######
###################################################################oo...............oo################################################_~~~~~~~~~#####################\oo...oo#########
###############################################################.####.......ooooo...oo###################################################_~~~~~/########################..ooo##########
###############################################################..###........###\ooo/#############################################.########\~_#########################<.o/############
#############################################################.....#.........>####################################################..###################################...#############
##########################################################<.#.................###################################################...>###############################...oo#############
##########################################################....................####################################################_...############################<...oo##############
###########################################~>#############.............ooo....#################################~>##################....#########################.....oo###############
############################################~>###########.............o_#\oo...##############################<~~~##################o.....######################....ooo################
############################################\~#<~#########............o####....#############################<~~~~##################\oo......###########.....>#...ooo##################
#############################################~~~~########.o..........o/#........############################~~~~~####################o........###<................####################
##########################################################\oo.........###_.......#########################<~~~~~~####################\o.......#....................>##################
############################################################oo........#####o.....########################<~~~~~~/#####################oo............................##################
#############################################################_oo.....o#####\o.....#######################~~~~~~~#######################_oo..........................##################
###############################################################.....o/######oo....######################<~~~~~~~#########################...........................##################
#############################################################<.......########.....######################~~~~~~~/########################<...........................##################
############################################################<........>######<.....######################~~~~~~~########################<............................##################
############################################################..o.......######......#####################~~~~~~~~~######################<.............................##################
##############################################################o.....o/######......#####################~~~~~~~~~~#####################..............................##################
##############################################################\o....o######.......#####################~~~~~~~~~~################.##................................##################
###############################################################o..oo/#####.......o#####################\~~~~~~~~~################.##..............................oo##################
###############################################################\oo/#######......o/######################~~~~~~~~~################..................ooo..........oo/###################
################################################################..########.......#######################~~~~~~~~~###############<.............ooooo_#oo........oo#####################
#############################################################<..oo>#######o.....o######################~~~~~~~~~~###############............oo/#######oo......o/##################<.##
#############################################################~/##..>######\oo.oo/######################\~~~~~~~~~##############............o_##########........##################<...#
################################################################....########_o_#########################~~~~~~~~~############<............o/##########.........##################....#
###############################################################~~~~~~###################################~~~~~~~~~###########<...........oo/##########........oo################<...._#
#############################################################~~~~~~~~~###################################_~~~~~~/##########<...........oo############.......oo#################..ooo##
#############################################################~~~~~~~~~~####################################\~_#############............o#############~~~~~~~/################../######
##########################################################<~~~~~~~~~~~~##################################################<............o/##############################################
########################.#############################.#~~~~~~~~~~~~~~~#################################################<...........oo/###############################################
#######################..#############################\~~~~~~~~~~~~~~~~#################################################...........o/#################################################
########################################################\~~~~~~~~~~~~~~###############################################<.............##################################################
##########################################################~~~~~~~~~~~~/##############################################<............oo##################################################
##.#..####################################.#################_~~~~~~~~~###############################################............oo###################################################
#<.....##################################...##########################################################################............####################################################
.......###################################_.>########################################################################..............###################################################
.........###################################.########################################################################..............###################################################
.........###########################################################################################################<................#################################################
.......o/################################################################<.>#######################~################..................################################################
.......o#############################################################<..#.....>############..#####~~############.#<....................###.#########################~>################
......o/#############################################################....#\....###########<...####\~###########<.......................##..#########################~~################
....oo/################.############################################......###\.###########.o..#######~#######<........................o../########################~~~~~###############
.....##############################################################<.......################\oo##############<........................o/##########################<~~~~~###############
.....>############################################################<..........###.###########################..........................##########################<~~~~~~~>#############
......###########################################################.............############################<..........................o#########################<~~~~~~~~~#############
oo.....##########################################################.............>##.########################.........................oo/#########################~~~~~~~~~~~~###########
#_oo...###########################################################_oo..........#########################<.........................oo###########################~~~~~~~~~~~~###########
###\oo.#############################################################oo.........#########################.........................o_###########################~~~~~~~~~~~~~###########
#####\o.#############################################################oo.....ooo.######################<........................oo/############################\~~~~~~~~~~~~###########
#######.##############################################################\ooooo/#_.######################.........................o###############################~~~~~~~~~~~/###########
#####################################################################################################<.......................oo/###############################~~~~~~~~~~/############
####################################################################################################........................oo#################################\~~~~~~~~~#############
####################################################################################################.......................oo###################################~~~~~~~###############
####################################################################################################oo.....................o##########################################################
