tick 5300 cut from a recording: start 3391,619 goal 3384,616 expansions 0 npc 3391,619 player 3375,604 orb 54269.3,9896.0 window x 3367..3414 y 603..634 || from 2026-09-14_20-00-40-039.tsv || 19 snapshots covered 1536 of 1536 tiles (100.0%) as last written, the rest closed, oldest contributing snapshot 37.0s before the tick and newest 17.0s
markers S 3391,619 G 3384,616 N 3391,619 P 3375,604
trail 3386,608 3386,609 3387,609 3387,610 3388,610 3388,611 3388,612 3389,612 3389,613 3389,614 3389,615 3390,616 3390,617 3390,618 3390,619 3390,620 3390,621 3390,622 3390,623 3390,624 3390,625 3390,626 3390,627 3390,628 3390,627 3390,626 3390,625 3390,624 3390,623 3390,622 3390,621 3390,620 3390,619 3390,618 3389,618 3389,617 3388,617 3388,618 3388,619 3388,620 3388,619 3388,618 3388,617 3389,617 3389,616 3389,615 3390,615 3390,614 3391,614 3392,614 3392,615 3393,615 3393,614 3393,615 3393,614 3392,614 3392,613 3392,612 3391,612 3391,611 3391,610 3390,610 3390,609 3389,609 3388,609 3387,608 3387,607 3386,607 3386,606 3386,605 3385,605 3384,604 3383,604 3383,605 3382,605 3382,606 3381,606 3381,605 3380,605 3379,605 3378,605 3377,605 3376,605 3376,604 3375,604 3374,604 3374,603 3372,603 3373,603 3374,603 3372,603 3373,603 3374,603 3374,604 3375,603 3380,603 3380,604 3380,605 3381,605 3381,606 3382,606 3383,606 3383,607 3384,607 3384,608 3385,608 3386,608 3386,609 3387,609 3387,610 3388,610 3389,610 3389,611 3389,610 3390,609 3390,608 3391,608 3392,608 3393,608 3393,609 3394,609 3394,610 3395,610 3395,611 3395,612 3395,613 3394,613 3394,614 3393,614 3393,615 3393,614 3392,614 3392,613 3391,612 3391,611 3390,611 3390,610 3389,609 3388,609 3388,608 3387,608 3387,609 3386,609 3386,608 3385,608 3384,608 3384,607 3383,607 3383,606 3382,606 3381,606 3381,605 3380,605 3379,605 3378,605 3377,605 3376,605 3376,604 3375,604
#####\...............#####<.............../#####
#######\...............##..............._#######
#########_..............................########
##############\.........................######..
################..................../#######<...
#################_................./#######<....
###################.............._#########.....
####################............###########.....
##################<............/###########....#
##################............############..../#
#################.........../#############....##
#################..........)#############..../##
#################.........).>###########.....###
#################\...........###########...)####
##################\...........>######.....)...>#
###################_...........######....))....#
####################...........#####.....)......
####################\..........#####............
#################...##.........####............/
################<..............>###.........../#
#############...................>##..........)##
#############....................>#........=).##
############......................#...........##
#########<........................#...........##
#########.....................................##
#######<................/#.............../######
######<................###............../#######
######................/###..............########
#####.................#####\............>#######
####...................#####\............#######
####...................#######\..........####...
..##................../#########\==......###....
