tick 7224 cut from a recording: start 3388,620 goal 3384,616 expansions 0 npc 3388,620 player 3382,606 npcbox 54205.9,9933.9,20,42 window x 3364..3411 y 604..635 || from 2026-09-14_19-55-52-468.tsv || 15 snapshots covered 1536 of 1536 tiles (100.0%) as last written, the rest closed, oldest contributing snapshot 44.5s before the tick and newest 34.3s
markers S 3388,620 G 3384,616 N 3388,620 P 3382,606
trail 3402,604 3401,604 3401,605 3401,606 3401,607 3401,608 3400,608 3400,609 3399,609 3398,609 3398,610 3398,611 3397,611 3396,611 3396,612 3395,612 3395,613 3394,613 3394,614 3393,614 3393,615 3392,615 3392,614 3392,613 3391,613 3391,612 3391,611 3390,611 3390,610 3390,609 3389,609 3388,609 3387,609 3387,610 3387,609 3386,609 3386,608 3385,608 3384,608 3384,607 3383,607 3383,606 3382,606 3381,606 3381,605 3380,605 3379,605 3378,605 3377,605 3376,605 3376,604 3375,604 3374,604 3374,604 3375,604 3376,604 3376,605 3377,605 3378,605 3379,605 3380,605 3381,605 3381,606 3382,606 3383,606 3383,607 3384,607 3384,608 3385,608 3386,608 3386,609 3387,609 3387,610 3388,610 3389,610 3389,611 3390,612 3390,613 3390,614 3391,614 3391,615 3391,616 3392,617 3392,618 3392,619 3393,620 3393,621 3393,622 3393,623 3394,624 3394,625 3394,626 3394,627 3394,628 3394,629 3394,630 3394,631 3394,630 3393,630 3393,629 3393,628 3393,627 3393,626 3393,627 3392,627 3392,626 3392,625 3391,625 3391,624 3391,623 3390,623 3390,622 3389,622 3389,621 3389,620 3389,621 3389,622 3389,623 3389,624 3389,625 3389,626 3389,627 3389,628 3389,629 3389,630 3388,630 3389,629 3389,628 3389,627 3389,626 3390,626 3390,625 3391,625 3391,626 3392,626 3392,627 3392,626 3392,625 3391,624 3391,623 3391,622 3390,622 3390,621 3389,621 3389,620 3388,620 3387,620 3387,619 3387,620 3388,620 3388,619 3389,619 3389,618 3389,617 3390,617 3390,616 3391,615 3392,615 3393,615 3393,614 3394,614 3393,614 3392,613 3392,612 3392,611 3391,611 3391,610 3390,609 3389,609 3389,608 3388,608 3388,609 3387,609 3386,609 3386,608 3385,608 3384,608 3384,607 3383,607 3383,606 3382,606
##########\...............##..............._####
############_.............##...............#####
#################\.........................#####
###################..................../#######<
####################_................./#######<.
######################.............._#########..
#######################............###########..
#####################<............/###########..
#####################............############...
####################.........../#############...
####################..........)#############....
####################.........).>###########.....
####################\...........###########...)#
#####################\...........>######.....)..
######################_...........######....))..
#######################...........#####.....)...
#######################\..........#####.........
####################...##.........####..........
###################<..............>###..........
################...................>##..........
################....................>#........=)
###############......................#..........
############<........................#..........
############....................................
##########<................/#.............../###
#########<................###............../####
#########................/###..............#####
########.................#####\............>####
#######...................#####\............####
#######...................#######\..........####
###..##................../#########\==......###.
##<.....................############........####
