tick 8127 cut from a recording: start 3401,573 goal 3407,570 expansions 0 npc 3401,573 player 3407,569 npcbox 54416.4,9177.3,20,42 window x 3377..3424 y 557..588 || from 2026-09-14_13-27-46-345.tsv || 12 snapshots covered 1536 of 1536 tiles (100.0%) as last written, the rest closed, oldest contributing snapshot 47.9s before the tick and newest 40.5s
markers S 3401,573 G 3407,570 N 3401,573 P 3407,569
trail 3415,559 3414,559 3413,559 3412,559 3412,558 3411,558 3411,557 3410,557 3409,557 3409,558 3408,558 3408,559 3408,560 3408,561 3408,562 3408,563 3408,564 3408,565 3408,566 3408,567 3408,568 3408,569 3408,570 3408,571 3408,572 3408,571 3407,571 3407,570 3407,569 3407,568 3406,568 3406,569 3405,569 3405,570 3404,570 3403,570 3403,571 3403,572 3402,572 3401,573 3400,573 3400,574 3399,574 3398,574 3398,575 3397,575 3396,575 3396,576 3395,576 3394,576 3394,577 3393,577 3392,577 3392,576 3391,576 3392,576 3392,577 3393,577 3394,577 3394,576 3395,576 3396,576 3396,575 3396,574 3397,574 3397,573 3398,573 3398,572 3399,572 3400,572 3400,573 3401,573 3402,573 3402,572 3403,572 3403,571 3403,570 3404,570 3405,570 3405,569 3406,569 3405,569 3405,570 3404,570 3403,570 3403,571 3403,572 3402,572 3402,573 3401,573 3401,574 3400,574 3399,574 3398,574 3398,575 3397,575 3396,575 3396,576 3395,576 3394,576 3394,577 3393,577 3393,576 3393,575 3393,574 3393,573 3393,574 3393,575 3393,576 3393,577 3393,576 3393,575 3393,574 3393,573 3393,574 3394,574 3394,575 3394,576 3395,576 3396,576 3396,575 3396,574 3397,574 3397,573 3397,572 3398,572 3398,571 3399,571 3400,571 3400,572 3401,572 3401,573 3402,573 3402,572 3403,572 3403,571 3403,570 3404,570 3405,570 3405,569 3406,569 3407,569 3406,569 3405,569 3405,570 3404,570 3403,570 3403,571 3403,572 3402,572 3401,572 3401,573 3400,574 3399,574 3398,574 3398,573 3398,572 3397,572 3397,571 3396,570 3395,569 3394,569 3394,570 3394,571 3394,572 3394,573 3394,574 3394,575 3394,576 3393,576 3393,577 3392,577 3393,577 3393,576 3393,575 3394,575 3394,574 3395,573 3395,572 3396,572 3396,571 3397,571 3398,571 3398,572 3399,572 3399,573 3400,574 3401,573 3401,572 3402,572 3402,571 3402,570 3403,570 3403,569 3404,569 3404,568 3405,568 3406,568 3407,568 3407,569
#####################...........................
#####################............#_~~~~~~~~~~~~~
#####################...........###\~~~~~~~~~~~~
#####################............#####~~~~~~~~~~
######################...........######~~~~~~~~~
#######################..........######\~~~_##_~
#################.###<............######~/######
################..##<.............##############
#################.#...............##############
##################................##############
#################.................#######<..####
###############<..................######....####
###############..................#######....####
#############<............../#......###.....###<
#############..............###..................
############............../####...............##
###########...............#######_.............#
###########~~~~~~~~~~~~~_##########_............
#####.#####\~~~~~~~~~_################..........
#####.#######\~~~~~/################<...........
###############\~/#################.............
########.##########################.............
################################<...............
################################................
###############################.................
#############################<..................
#############################................../
############################................../#
############################............../#####
####################.#####<............./#######
####################.#####............/#########
##################.....##<.........._###########
