tick 11123 stuck, body still for 120 ticks with a path: start 3473,521 goal 3564,548 expansions 0 npc 3473,521 player 3570,548 window x 3393..3650 y 441..628
markers S 3473,521 G 3564,548 N 3473,521 P 3570,548
trail 3513,497 3514,494 3504,485 3503,485 3503,484 3502,484 3503,484 3503,485 3504,485 3504,486 3505,486 3504,486 3504,485 3504,486 3504,505 3505,505 3513,495 3517,488 3517,489 3505,505 3513,495 3514,495 3514,494 3515,494 3515,493 3515,492 3516,492 3516,491 3516,492 3504,485 3503,485 3503,484 3502,484 3501,484 3501,483 3500,483 3499,483 3499,482 3498,482 3497,482 3496,482 3496,483 3495,483 3496,483 3496,482 3497,483 3497,482 3496,490 3497,484 3497,482 3498,482 3499,482 3499,483 3500,483 3501,483 3501,484 3502,484 3503,484 3503,485 3504,485 3513,495 3512,497 3509,503 3508,503 3508,504 3507,504 3500,503 3499,503 3499,504 3498,504 3498,505 3497,505 3491,516 3491,517 3490,517 3489,517 3488,517 3487,517 3488,517 3489,517 3497,507 3498,504 3499,504 3499,503 3507,504 3508,504 3508,503 3512,499 3513,495 3514,495 3514,494 3514,495 3510,501 3511,501 3511,500 3510,501 3510,502 3510,503 3509,503 3508,503 3508,504 3507,504 3500,503 3499,503 3499,504 3498,504 3498,505 3497,505 3491,516 3491,517 3490,517 3489,517 3488,517 3487,517 3487,518 3486,518 3485,518 3484,518 3483,518 3482,518 3481,518 3480,518 3479,518 3478,518 3478,519 3477,519 3476,519 3475,519 3475,520 3474,520 3474,521 3473,521 3472,521 3471,521 3470,521 3471,528 3472,528 3473,528 3473,526 3474,526 3475,526 3476,526 3480,532 3481,532 3484,536 3488,541 3492,546 3492,547 3493,547 3494,547 3494,548 3494,549 3495,549 3496,549 3503,554 3504,554 3505,554 3506,554 3507,554 3508,554 3509,554 3510,554 3511,554 3512,554 3513,554 3514,554 3515,554 3516,554 3517,554 3516,554 3515,554 3514,554 3513,554 3512,554 3511,554 3510,554 3509,554 3508,554 3507,554 3506,554 3505,554 3504,554 3505,554 3506,554 3507,554 3508,554 3509,554 3510,554 3511,554 3512,554 3513,554 3514,554 3515,554 3516,554 3517,554 3518,554 3519,554 3520,554 3521,554 3522,554 3523,554 3524,554 3525,554 3526,554 3527,554 3528,554 3529,554 3530,554 3531,554 3532,554 3533,554 3534,554 3535,554 3536,554 3537,554 3538,554 3539,554 3540,554 3541,554 3542,554 3543,554 3544,554 3545,554 3546,554 3547,554 3555,555 3556,555 3559,549 3559,548 3560,548 3561,548 3562,548 3563,548 3564,548 3565,548 3566,548 3567,548 3568,548 3569,548 3570,548
###########################################################################################===#######################################\oo.....................########################o.....######\o......#########################################################
###########################################################################################...#########################################\oo...................>#######################\oo........##oo.....#########################################################
####################################################################################<...###...###########################################o..........................###################oo........##....._#########################################################
#####################################.#############################################<....###...###########################################\oo...........................#################................######################.###################################
###################################.##############################################......###...#############################################.............................################................####################<..###################################
##################################./#############################################<......###ooo#############################################_o...........................################o...............###################<...###################################
#################################./#########################################.####.......###===##############################################oo..........................################\o..............>###############<....o/###################################
#################################.#########################################..###........###...###############################################oo..........................################..................############<....oo####################################
################################..###############################.#.######<..###........###...###################.############################_ooo....................../################...................>#########......o#####################################
###############################...#############################<......>#<....#<.........###...#################...>##############################\o.....................#################o...................#######<......o/#########~###########################
##############################...##############################..............#..........###...################.....>##############################oo...................o#################\o..................######.......o/#########~~###########################
###############################################################.........................###ooo###############.......###############################\o.................o/##################oo.................>#...........o##########~~############.##############
###################################.##########################............ooo...........###===#############<........################################\o................o####################\o.................#..........o/#########################..._~~########
##################################..#.>###################.###...........o/#_o..........###...#############.........#################################...............oo/#####################............................oo#########################....###########
###################################....>#########............#............###\o......ooo###...##############\o....oo########################<.....###.............oo_#######################............................o##########################....###########
##########..######################......###########.........................##~~~~~~~~#####...###############\o.oo/#######################<......................o_#######################............................oo/########################<.....###########
###################################_oo...##########.........................###_~~~~~/#####...################oo/#######################<...............ooo....oo/###############.>#######............................o##########################......###########
#####################################\oo.>########........................oo#####\~~~######.oo#########################################..................=....oo###############.....>####<..........................oo/##########################......>###~###...
#######################################oo.########........................o###############...###.####################################........................oo##<.###########<.......###..........................oo############################.......######....
########################################o..#####<..............oo_~~~~~~~~/###############...###.###################################........................o_##<..#########............#...........................#############################.......####......
#########################################_..###<...............o###\~~~~~#################...###.##################################<......................oo/##....#########.....................................ooo..###########################........###......
#####..>######################################<..............oo/#####_~/##################...#####################################........................o####....>######<.......................................##..###########################........#........
###<....####################################.#.............oo_############################...###################################<.......................oo/####.....#####..........................................##.###########################.................
##...o/#######################################..............###################~~>#######........######....#####################......................oo/######.....#####..o.......................................#############################..................
<..._########################################................###################~~######<........###........#################<.....................ooo_#######......#######.....................................oo/#############################..................
...##########################################..................>################\~######.........##<.........################....................oo/#########<......######.o..............................oooooo/###############################\o................
.o###########################################...................#################~#####<.........##...........>#############.................oooo_###########.......#######\o............................o/######################################oo...............
/###########################################<....................##################~###..........##............>#########<.................oo_##############<.........######\oo..ooo.......ooo............########################################oo..............
############################################.....................##################\..#.........o##..............>#######.................oo###############<..........>#..####\oo_#.......o/#oo...........#########################################_oo............
##########################################<.......................##################\..........o/##................#####<................oo###############<............############oo......###oo...........##########################################\o...........
##########################################........................###################\.......ooo###................#####...............oo/###########...#<..............############\oooooo####...........############################################............
##########################################........................####################\oo...o/###<..................>##...............o/#########<.......................>#####################oo........o.#####################.>##################<.............
#####################################...>#oo....................oo######################\oo..####....................#...............o/########<.....ooo..................######################oo......o/#####################...##################..............
############################.######......##....................oo#########################oo.>##....................................o/#<.>#####.._#\o_#....................######################_o....o/####################.....>################<..............
############################.####.........#...........oo_~~~~~~~###########################o.......................................o/##...#############.....................>#####################_~~~~/####################........###############...............
################################...........oo........oo###_~~~#############################\o................oooo.................oo##....#############......................>#####################~~~/####################.........###############\o.............
################################...........#\~~~~~~~~~######################################\o..............oo##oo...............oo##.....#############.......................#############################################.......oo################..............
##############################..............##~~~~~~~/#######################################\o........oo_oo/####.................##......#############........................############################################oooo.oo_#################oo............
#############################................##\~~~~/#########################################o.......o/########<......................oo..############oo.......................##############################################_o/####################\oo..........
###########~#~#############<.................###\~_###########################################\oo...........###......................oo/...#############.........................######################################################################o.........o
###########~~~#############........ooo....oo/###################################################\oo..........>#...................ooo/##...#############oo.......................######################################################################\o......oo/
#######<~~~~~~~>#########<....ooooo/#_~~~~_#######################################################......ooo......................oo#####....#############_o.......................##############################################################<..>####......o/##
####~~~~~~~~~~~~########<...oo/########\~######################################################<.........#ooo..................ooo######oo...#############\oo......ooo.............#############################################################....>#.........###
###~~~~~~~~~~~~########<.....##################################################################........oo###ooo..............oo_#########oo..###############_~~~~~~/#\ooo..........#############################################################.....#.........###
###~~~~~~~~~~~/########..oo...################################################################~~~~~~~~~~######_o............o/############ooo################\~~~_######.......ooo############################################################<................###
##~~~~~~/#\~~~########..o#oo....>###############################~#############################~~~~~~~~~~#######\o............#################################~_#######.........##############################################################~~~~~~~~~~~~~~~~~###
##~~~################<..###oo......###########################~~~>############################~~~~~~~~~~########.............###########################################_o....o_############################################################~~~~~~~~~~~~~~~~~~~###
##~~~~##############<./#####oo......>##################.....>#~~~~>###########################~~~~~~~~~~#######<............o############################################\oo.oo#############################################################~~~~~~~~~~~~~~~~~/####
##~~~~##############.########oo......>#....>########<........_~~~~~>##########.###############~~~~~~~~~~#######............o/####################################..########_o_#################################<~###########################~~~~~~~~~~~#\~~_##..##
##~~~~########################o..............>######.......o.#\~~~~~#########....##############_~~~~~~~~#######.............####################<~############################################################<~~###########################~~~~~~~~~~/###########
##\~~~########################\o..............######.......o###~~~~~>#####<......###############\~~~~~~/#######............o##################<~~~##########################################################<~~_############################~~~~~~~~~_############
###~~~#########################\o.............####<.......o/###~~~~~~~~###~~~~~~~################~~~~~#######<............o/##################~~_#######################################.##################<~/###############################~~~~~~~~#############
###~~~##########################\o............##<........o_####~~~~~~~~>#~~~~~~~~~~###############_~_#######<.............o#################<~/########################################..##################~/################################~~~~~~###############
<~_~~~~~>########################\oo..........##.........o#####\~~~~~~~~~~~~~~~~~~~#########################.............o/################~~##########################################..#########################################################################
~~##\~~~~##########################_o..........#........o/######~~~~~~~~~~~~~~~~~~~########################.............o/###########################.#################################..>########################################################################
######~~~###########################\o.................oo#######\~~~~~~~~~~~~~~~~~########################<.............o##########################<..##########################~~~~##....########################################################################
######\~~############################_o...............oo#########~~~~~~~~~~~~~~~~/########################.............o/##########################....######################~~~~~~~~##_o..###################################################.###################
#######\~#############################...............oo##########~~~~~~~~~~~~~~~/########################...............###########################.o/######################<~~~~~~~~~###./#######################################################################
########~#############################_o..............###########~~~~~~~~~~~~~~/######################<................o##########################._########################~~~~~~~~~~~############...############################################################
########~##############################oo..............>#########~~~~~~~~~~~~~#######################<................o/####################################################~~~~~~~~~~~############./#############################################################
########~###############################\o..............>#########\~~~~~~~~~~/#######################................oo#####################################################~~~~~~~~~~~~##########<.##############################################################
########~############################.###................###########\~~~~~~~/########################................o#####################################################~~~~~~~~~~~~~#########<..##############################################################
#######~~###########################..#<.................>##########################################......ooo......oo/#####################################################~~~~~~~~~~~~~#########../###################################.##########################
######<~/##########################.......................##########################################.....o/#~~~~~~~_########################################################~~~~~~~~~~~~########<..####################################.##########################
######~/##########################<.....................o.#########################################.....o/##~~~~~_###########################################################_~~~~~~~~~/#######...o##<..########################################.#################
##################################.....................oo##########################################......##~~~/###############################################################\~~~~~~~~########..o/#.....#########################################################
###############################<........................###########################################.....o##~~~#################################################################~~~~~~~/######...o/#.......########################################.>#.####.#######
##############################<.......................oo##########################################.....o/##~~~##################################################################\~~~_#########_oo#.........#######################################..##############
##############################~~~~~~~~~~~~~~~~~~~~~~~~~###########################<.##############.....o###~~~##################################################################################\..........#######################################\..>############
##############################\~~~~~~~~~~~~~~~~~~~~~~_###########################....>###########.....o/###~~~###################################################################################..........########################################...############
###############################~~~~~~~~~~~~~~~~~~~~~###########################<......>#########.......####~~~###################################################################################..........########################################\o.############
################################~~~~~~~~~~~~~~~~~~~~~#########################<........>#######.......o####\~/###################################################################################........oo#########################################oo############
.###############################~~~~~~~~~~~~~~~~~~~~~#######################<........................o/##########################################################################################o.......o########################################################
.################################~~~~~~~~~~~~~~~~~~~~################...###<...ooooo................oo###########################################################################################\o.....o/########################################################
..################################_~~~~~~~~~~~~~~~~~~#############..###############.................o###################################################################################~#########.......#########################################################
....#########.######################_~~~~~~~~~~~~~~~~#############..#.............#...............oo/#############################################################################################......o#########################################################
.....########\.#..>###################_~~~~~~~~~~~~~~############..o#.........................ooooo##############################################################################################.....oo/#########################################################
.......########.....####################_~~~~~~~~~~~~###########..o/#................ooooooooo/#######################################################<.#########################################.....o###########################################################
.......#########_o...#####################_~~~~~~~~~~##########._####.............ooo/################################################################..#########################################...oo/###########################################################
.......###########\o########################\~~~~~~~#################............oo####################################...######################<~###############################################..oo#############################################################
........#####################################\~~~~~##################oooooooooooNo#.>################################.....##...#################~~###############################################..o##############################################################
..........>####################################~~~###########################====##...##################.############..ooo##...################~~/##############################################..o/##############################################################
...........>##################################~~~/##################..........oo=#.......########.......###################...###############<~~################################################.o/###############################################################
.............#######################################################.........oo=..........#######\.......>#################........##########~/############...##################################o/###############################################################<
.............#######################################################........oo=............>######..........##############<........>#######<~/########......./#######################..##########################################################################~
o..............#####################################################.......oo=..oooo........######...........############<..........#######~#######<......._########################...###############################################~#~~#~>###################<~
oo..............####################################################......oo=....##o.........#####o..........############...........>####~#######<.....oo/##########################\.o.###############################################~~~~~~~#################~~~
#oo............####################################################.ooooooo=ooooo##\o........#####\o......ooo###########.............##<~/#######......o#############################o/###################################################_~~~~#################~~
##\o............##############################################################.####...........#####........############.............###~########......o/####################################################################################\~~################<~~
###\o.........._########################################################.>########............#####.........>########<...............>#########......o/###########################################<..##########################################################~~~
####oo.........########################################################.....#####..............>###o.........########~/#oo............#########.....o_############################################...###################################################<.####<~~~
#####o.......oo#################################################################......ooo.......>##\oo.....o.############o............########......o#############################################.o..#################.###############################<...###~~~~
#####\oooo.oo_#################################################################<.....o/#o........####_o...oo#############\o............######......o/##############################################.o.#################################################....###~~~~
######o/#_o/###################################################<.....>########<.....o/##\o.......>####\oo.o###############oo...........####<.......o###############################################o/###################################################\oo####_~~
##############################################################.........#######.....o/####\o.......######_o/################_oo..........#.#.......o/##############################################################################################################
################################################################........>###<.....o/######\o.......##########~#<.############...........#..........##############################################################################################################~
########################################.....############................>#<.....o/########........##########\.....>#######.#....................oo####################################################.##########################################################
########################################.......>#########.......................o/#########oo........##########\....########.....................o################################################################################################################
.#######################################........########.......................o/###########\o........###########oo..>###<......................o/#######################################################.####...#################################################
########################################........>#######......................o/#############\o.......>###########\~~~###.....................oo/#################################################################################################################
########################################o.........######.....................o/###############\o.......############_~~~##.o.................oo_###################################..............................#####........#####################################
########################################\o........######......................#################oo......>############~~~###\o.................########################<..#########<............................./#####........>###################################.
#########################################oo.......######ooooooooooooooooo...oo##################o.......>############~#####\oo........ooo.ooo>######################<..........................................>####<......................#####################<.
##########################################.........>####################oo.o/###################\o.......>###################oo...oooo/#\o/#_.#####################<..............................................................................................
######<.###############################.............#####################\o/#####################.........>###################\ooo_#######################..######<...............................................................................................
######...###########################.##..........oo/############################################<ooo.......>##############################################....###<................................................................................................
#####....######################.###..##..........o##############################################~/#_oo.......>################.######.....##############<......>#.................................................................................................
#####.....######################..#./##~~~~~~~~~~/###################################################o.........##############<..#####.....############<...............oooooGoooooPooooooooooooooo.ooooooooooooooooooooooooooooooooooooooooooo.oooooooooooooooooooo
#####oo....####################.....###~~~~~~~~~#####################################################\oo.......#................>###<.....>###########...............o/#########################...#####~###########.#####################.#ooo###################
######\oo...##############..#.......###~~~~~~~~########################################################.............................................................o/##########################~~~###############################################################
########oo...####<......#.........o/##<~~~~~~~~~~####################################################<...............................................................############################~################################################################
#########oo.....#..................###~~~~~~~~~~~>##################################################<................................................................#########################<~~~~~####~########.################################################
##########..........................>#~~~~~~~~~~~~##############################################.###..................................................................################~#######~~~~~/##############################################################
########............................._~~~~~~~~~~~~~###########################################../#<.......oo_oooooooooooooooooooooooooooooooooooooooooooooo.............######################~~~~/###############################################################
######...............................#~~~~~~~~~~~~~>###########################...############.##<.........###############################################o......ooooo..######################~~~#################################################################
#####................................#~~~~~~~~~~~~~~##########################.....#############<............>############################################\o......===oo.######################~/##################################################################
#####...........ooo..................#\~~~~~~~~~~~~~~~######################<..oo...##########<...............>###########################################<..........=oo#####################~#####################<.>############################################
#####..........oo#_o.................##\~~~~~~~~~~~~~~####################<../##\o..##########........ooooo.....##########################################............=/########<.>########################<.#####<...>###########################################
#####...........###\ooo..............####~~~~~~~~~~~~~####################._#####...#########..........##=oo.....#######################################...............########....>#######################.#####<.....>##########################################
#####oo..........#####oo.............#####_~~~~~~~~~~~###########################oo.>#######..............=oo....########################################_~~~~~~~~~~~~~#########.....############################.......##.#######################################
######oo.........######o...oooo......#######~~~~~~~~~~#...##.>####################_o.######.........ooo....=oo....########################################~~~~~~~~~~~~/#######<.....#################...#########\o.....##########################################
#######..........######\ooo_##_oo....########~~~~~~~/#....#<..>#####################.####.........oo/#......=...o##########################################\~~~~~~~~~/#######.........>##############\..###.>#####\oo.o/##########################################
#.###<............######o/######_oooo########_~~~~~/##.........#...################<..###.......oo_##..........o/###########################################\~~~~~~~##########\o.......###############..##...#....##\o/###########################################
..##<.............############################~~~_##........oo.....################~~~~#.......o/##...........o/##############################################~~~~~############........>##############o.#.........###.############################################
#.#............ooo#################################..........#_.oo...##############~~~~#.......o##.............###############################################\~~~/############o........>#############\o#.........###.#####.##########<.##########################
##............o/##################################<...........###o...>#############~~_#.....ooo/#.............o################################################~~~#############\o........##############.#.....ooo.####~~~~#~~>#######<...#########################
#............o/##########<..#####################<............###\oo..##################.....==##...........oo/################################################\~~##############\o...ooo.#############..#oo__o/#o.><~#~~~~~~~~~######........#####################
..............##########....####################<............o#####_o.#################.......o#..........oo_###################################################~~~##############\o_o/#\o########..####.########\~~~~#_~~~~~~~~####.#.o.......####################
............oo##########....######.#.####..####<............o/#########################......o/#.........oo#####################################################\~~#############################<..##<.###<~###########~~~~~~~/#######.........###################
..........oo/#...>#####.....###<.._./#..####.>#..............##########################.......#........oo_#######################################################\~#############################....#.##<../###########\~~~~~~#####<...........###################
..........o###....###<........../############................##########################.......#.......oo########################################################################################...........#############\~~~~#####.............###################
.........o/####_o...#.........###############_.............oo##########################..............oo######################################################################.>#################.........o/##############\~/######.........ooo...#################
........oo#######_.............###############............oo##########################.....ooo......o/########################################################################..################..........######<..>###############\oo....o/#_o..#################
.....ooo_##########_.oo.........##############oo.........oo##########################<......##.....o/#########################################################.>############....###############.........oo#####......################......###\oo.################
...oo_################...........##############oo....oooo/###########################.......##....o/#########################################################....>###########..########<..###<..ooo......######..oo....############<.......#####..>###############
.oo/################<.............##############\oooo_###############################.......##..oo/##############...######################################<.......>#########.o.............>#..oo#oo.......>#####o/#######.########.........####\o..##############
o/#################...............>#################################################........##~~~###############....######################################.........##########\o...............oo###oo.............########\...#####.........######\.##############
###################................#################################################.......o##~/###############.......###################################<.........###########\o..............######..............##.>#####\................######################
################<..................################################################<......o/###################.......>##################################...........>##########o..............######oo.............>..>#####oo..............######################
################................oo/###############################################<.......o#################............>################################.o..........##########\oo.............######o..............._.######oo...........oo######################
###############.................o#################################################.......o/#######.#########.............#############~###################\o.........############o.............######\oo.............#########oo..........o#######################
#############<.................o/#################################################\o......######..#########<............###############~###################\oo........###########\o..............######\o............##########\oo.......o/#######################
#############.................o/###################################################.......#.>##...#########..............####################################_oo......############oo..............######\o.........oo############\o.....oo########################
############..............oooo/###################################################<..............##########.............#######################################\o_oo..#############\oo.............######oo.......oo##############.....oo#########################
############............oo/################################################~~####<...............##########..............##########################################_oo.##############\oo......oooo.#######_o....oo_#############<....oo/#########...##############
##########<...........oo/########################################################................##########..............##############################################################_o......############\oo...###############.....o###########...##############
##########..........oo/#########################################################<..............oo##########oo.........o_################################################################\o.......>###########.....##############....o/###########ooo##############
#########<........oo_###########################################################................####<...>###..........o###################################################......#########\oo......#########<.......#############...oo#############################
#########.......oo_###########################################################<.................>###.....#...........o/##################################################........##########.........#######~~~~~~~~~~##########<..oo##############################
########......oo_#############################################################........................................###################################################........#######............########~~~~~~~~~#########<..oo###############################
########....oo/###############################################################........................................#################################################<..........>####..............########~~~~~~~~>########...o################################
#######...ooo###############################################################...........................................>###############################################............###...............>########\~~~~~~~#######..oo/################################
######...oo###############################################################<.............................................>#############~_~###############################...........###................#########\~~~~~~#######..o##################################
######.ooo###<.######################..###################################...............................................###########.##################################............>##................##########~~~~~~#######.o/##################################
######._###<.....####################..###################################.................................................>######<..###################################............##................##########~~~~~~######.o/###################################
#####.###........#####################..##################################..................................................######../##################################.oo.ooo_o....##................##########~~~~~~######./################<.>#################
########..........##################<...##################################~~~~~~~~~~~~~~~~~~~~~~~~~___oo....................######._#####################################\o/###\o.o/##o...............##########~~~~~~########################...>################
######<...........##################....##################################~~~~~~~~~~~~~~~~~~~~~~~/#####\o.....................###~~####################<...#####################ooo###\o..............##########~~~~~~#########################o..################
####<..............################.....##################################~~~~~~~~~~~~~~~~~~~/##########\oo....................#~~####################~~~/#############################\o............o###########_~~~~###########<.############.##################
####...............########...#####....o##########.#########################\~~~~~~~~~~~~~~##########..###_oooooo.............../#####################~~~################...###.########oo..........o/###########################..##########....#################
###.............oo/########...........o/########<..###########################_~~~~~~~~##~##########....>#######_oo............######################~~~~################################oo..........################.###########.o##########....#######.#..######
#<..............o##########o..........o#########._##############################_~~~~~##############.....#########o...........o.###################<~~~~/####################<~~##########\o.........###############<.######################......#.>##<.....#####
<.............oo/##########\o........o/###########################################\~~~##############.....#########\o.........o/###################<~~~######################~~/############\o........>############<....####################..........#.......#####
............oo_#############........oo#############################################################......>#########\oo......o/####################~/##################<.>###################oo........############......>################<...........#.........###
...........o_#########<.>###oo.......###############################################################_oo...###########\o......#########################################~~~>###################\o.......############.......###############.......................###
..........o/########.....####.........################################################################oo...###########_o.....#########################################~~~~###<..##############\o.......########<...........#############.....................o/###
.........o/#######<....o.##........oo/#####################.###########################################oo..############~~~~~~><..>####################################~~~~>#<~~~###############.........#######............#############ooo..................o####
.......oo/#######<....oo###.......oo####################################################################...############~~~~~~~~~~~~######################################\~~~~~~###############o.........####<...........o################..................o/####
.....oo_#########.....o#####oo.ooo_##########################.##<.>####################################....############\~~~~~~~~~~/#######################################\~~~~/###############\o.........##<...........o/################oo..............oo/#####
.....o###########...oo/######ooo###############################....#########################<...#######.....############~~~~~~~~/##.#######################################\~~/###..############..........##...........o/##################oo..............#######
...oo/###########...o#########.#########~>######################\o.#########.......#########....>######oo...>###########\~~~~####################################################...>###########oo........##..........oo####################oo.............>######
..oo############...o/##################<~~###########<.####################<......########<......>######oo...############_~~~##########################~##########################\o..>##########oo.......#<.........oo######################oooo...........######
.o/#############...o###################~~~>#<~#######..##################<......o#########........#######o...#############~~~####....##############################################\....##########........#....oooooo_##########################oooooooo.....#####
..#############...o/#####################\~~~~###########################......o/########...........#####\o...############~#~#####...###############################################\o..##########_o......#.ooo_#######################################_oo...#####
..>###########...oo#####################################################<......o######<.............######\oo.##################...o/########################################<...>###\oo###########.......###############################################\oo.#####
...###########....#################################################<..........o/######............oo########..##############..###..o#######################################<......>################........################################################\o.####
....>######.........>##############################################............#######...........oo######<....##############.##<..o/#######################################.........>##<.##########........##################################################.####
.....######..........##############################################.............######............#######...oo##############\.#....###...#.################################\oo........../##########.........######################################################
.....#####............#############################################.............>#####..........oo#####<.._##################.....o#####\./##################################\o.........#########<..........######################################################
.....#####............#############################################...............####oooooooooo/######./#####################_ooo/###########################################\o.......o########<...........################################.#####################
.....####...........o/#############################################...............>###################..###############################..>#####################################o.....oo/########............################################..>###################
.....>###..........o/#############################################<.................##################..###########<.....>##############...####################################\oo.oo_#########.............###############################......>################
......>##...........############.#..##############################...................################<.############.......>#######..##.....######################################\o_##########..............##############################.........###############
.......>#...........###########<....###<....>#####################\o.................###############<./##########<..o......###########....o###################################################..............###########################<............##############
........#...........###########.....>#<......######################................oo##############../###########./#........#######.>#...o/######...########################################<...............##########################<.............##############
........#...........####.#####.......#........#####################~~~~~~~~~~~~~~~~~##############<..###############.........######\.>....####<....#####<.#################..<.#############.................##############..########...............##############
o..............ooooo###..####.................#####################~~~~~~~~~~~~~~~~~~#############...>##############...........#####......###........##<.......############.....############.................############<...########\..............##############
..............o/############...................>###################~~~~~~~~~~~~~~~~~~~#########<.......#############............#####.....###........#<..............#...#......###########................oo###########.....#########_o............##############
