tick 11734 platform lip one row down is a walk and not a drop, run 5 stuck 120 ticks: start 3558,556 goal 3629,548 expansions 0 npc 3558,556 player 3623,548 window x 3538..3649 y 528..576
markers S 3558,556 G 3629,548 N 3558,556 P 3623,548
trail 3540,554 3541,554 3542,554 3543,554 3544,554 3545,554 3546,554 3547,554 3551,563 3551,564 3559,558 3560,558 3560,557 3560,558 3559,558 3550,563 3544,554 3543,554 3542,554 3541,554 3540,554 3539,554 3538,554 3537,554 3536,554 3535,554 3534,554 3533,554 3532,554 3531,554 3530,554 3529,554 3528,554 3527,554 3526,554 3525,554 3524,554 3523,554 3522,554 3521,554 3520,554 3519,554 3518,554 3517,554 3516,554 3515,554 3514,554 3513,554 3512,554 3511,554 3510,554 3509,554 3508,554 3507,554 3506,554 3505,554 3504,554 3503,554 3502,554 3501,554 3500,554 3499,554 3497,558 3496,558 3497,558 3503,554 3504,554 3505,554 3506,554 3507,554 3508,554 3509,554 3510,554 3511,554 3512,554 3513,554 3514,554 3515,554 3516,554 3517,554 3518,554 3519,554 3518,554 3517,554 3516,554 3515,554 3514,554 3513,554 3512,554 3511,554 3510,554 3509,554 3508,554 3507,554 3506,554 3505,554 3504,554 3503,554 3502,554 3501,554 3500,554 3499,554 3499,559 3499,560 3500,560 3499,560 3499,559 3498,559 3498,558 3497,558 3498,558 3504,554 3505,554 3506,554 3507,554 3508,554 3509,554 3510,554 3511,554 3512,554 3513,554 3514,554 3515,554 3516,554 3517,554 3518,554 3519,554 3520,554 3521,554 3522,554 3523,554 3524,554 3525,554 3526,554 3527,554 3528,554 3529,554 3530,554 3531,554 3532,554 3533,554 3534,554 3535,554 3536,554 3537,554 3538,554 3539,554 3540,554 3541,554 3542,554 3543,554 3544,554 3545,554 3546,554 3544,554 3543,554 3544,554 3545,554 3546,554 3547,554 3555,563 3556,563 3556,562 3557,562 3560,557 3560,558 3559,558 3559,557 3558,557 3558,556 3557,556 3557,555 3556,555 3558,550 3558,549 3559,549 3559,548 3560,548 3561,548 3562,548 3563,548 3564,548 3565,548 3566,548 3567,548 3568,548 3569,548 3570,548 3571,548 3572,548 3573,548 3574,548 3575,548 3576,548 3577,548 3578,548 3579,548 3580,548 3581,548 3582,548 3583,548 3584,548 3585,548 3587,550 3588,548 3589,548 3590,548 3591,548 3592,548 3593,548 3594,548 3595,548 3596,548 3597,548 3598,548 3599,548 3600,548 3601,548 3602,548 3603,548 3604,548 3605,548 3606,548 3607,548 3608,548 3609,548 3610,548 3611,548 3612,548 3613,548 3614,548 3615,548 3616,548 3617,548 3618,548 3619,548 3620,548 3621,548 3622,548 3623,548
......o#############################o/###################################################_~~~~#################~
.....o/####################################################################################\~~################<~
....o/###########################################<..##########################################################~~
...o_############################################...###################################################<.####<~~
...o#############################################.o..#################.###############################<...###~~~
..o/##############################################.o.#################################################....###~~~
..o###############################################o/###################################################\oo####_~
.o/#############################################################################################################
..##############################################################################################################
oo####################################################.#########################################################
o###############################################################################################################
/#######################################################.####...################################################
################################################################################################################
#################################..............................#####........####################################
####################<..#########<............................./#####........>###################################
###################<..........................................>####<......................#####################<
##################<.............................................................................................
#########..######<..............................................................................................
#########....###<...............................................................................................
#######<......>#................................................................................................
#####<...............ooooooooooooooooooooooooooo.ooooooooooooooooooooooooooooooooooooPoooooG.ooooooooooooooooooo
#####...............o/#########################...#####~###########.#####################.#ooo##################
...................o/##########################~~~##############################################################
....................############################~###############################################################
....................#########################<~~~~~####~########.###############################################
.....................################~#######~~~~~/#############################################################
oooooooooo.............######################~~~~/##############################################################
#########o......ooooo..######################~~~################################################################
#########\o......===No.######################~/#################################################################
#########<..........=oo#####################~#####################<.>###########################################
#########............=/########<.>########################<.#####<...>##########################################
#######...............########....>#######################.#####<.....>#########################################
########_~~~~~~~~~~~~~#########.....############################.......##.######################################
#########~~~~~~~~~~~~/#######<.....#################...#########\o.....#########################################
##########\~~~~~~~~~/#######.........>##############\..###.>#####\oo.o/#########################################
###########\~~~~~~~##########\o.......###############..##...#....##\o/##########################################
#############~~~~~############........>##############o.#.........###.###########################################
#############\~~~/############o........>#############\o#.........###.#####.##########<.#########################
##############~~~#############\o........##############.#.....ooo.####~~~~#~~>#######<...########################
##############\~~##############\o...ooo.#############..#oo__o/#o.><~#~~~~~~~~~######........####################
###############~~~##############\o_o/#\o########..####.########\~~~~#_~~~~~~~~####.#.o.......###################
###############\~~#############################<..##<.###<~###########~~~~~~~/#######.........##################
################\~#############################....#.##<../###########\~~~~~~#####<...........##################
###############################################...........#############\~~~~#####.............##################
############################.>#################.........o/##############\~/######.........ooo...################
#############################..################..........######<..>###############\oo....o/#_o..################
#############.>############....###############.........oo#####......################......###\oo.###############
############....>###########..########<..###<..ooo......######..oo....############<.......#####..>##############
#########<.......>#########.o.............>#..oo#oo.......>#####o/#######.########.........####\o..#############

